0.00001	0.00001	0.00001	0.99995	0.00001	0.00001
0.00001	0.094018	0.00001	0.87336	0.00001	0.032592
0.00001	0.00001	0.053685	0.946275	0.00001	0.00001
0.00001	0.00001	0.00001	0.99995	0.00001	0.00001
0.00001	0.00001	0.129391	0.870569	0.00001	0.00001
0.00001	0.00001	0.00001	0.99995	0.00001	0.00001
0.00001	0.00001	0.045519	0.954441	0.00001	0.00001
0.00001	0.084408	0.00001	0.80162	0.00001	0.113942
0.00001	0.00001	0.021577	0.978383	0.00001	0.00001
0.00001	0.069052	0.00001	0.930908	0.00001	0.00001
0.00001	0.00001	0.00001	0.99995	0.00001	0.00001
0.00001	0.00001	0.203189	0.796771	0.00001	0.00001
0.00001	0.00001	0.070779	0.929181	0.00001	0.00001
0.00001	0.031927	0.00001	0.968033	0.00001	0.00001
0.00001	0.00001	0.00001	0.866333	0.133627	0.00001
0.012843	0.00001	0.00001	0.97213	0.00001	0.014997
0.012776	0.06139	0.00001	0.925805	0.00001	0.00001
0.00001	0.00001	0.00001	0.99995	0.00001	0.00001
0.00001	0.00001	0.25791	0.74205	0.00001	0.00001
0.00001	0.095999	0.00001	0.903961	0.00001	0.00001
0.00001	0.114695	0.00001	0.885265	0.00001	0.00001
0.000016	0.07308	0.00001	0.926874	0.00001	0.00001
0.00001	0.00001	0.00001	0.908737	0.091223	0.00001
0.00001	0.00001	0.00001	0.947029	0.00001	0.052931
0.00001	0.175602	0.00001	0.795663	0.00001	0.028705
0.00001	0.0183	0.00001	0.98166	0.00001	0.00001
0.00001	0.00001	0.029628	0.967737	0.00001	0.002605
0.00001	0.00001	0.00001	0.941826	0.00001	0.058134
0.00001	0.00001	0.00001	0.99995	0.00001	0.00001
0.00001	0.070075	0.00001	0.929885	0.00001	0.00001
0.00001	0.071439	0.00001	0.882887	0.00001	0.045644
0.00001	0.00001	0.00001	0.99995	0.00001	0.00001
0.00001	0.00001	0.00001	0.999217	0.00001	0.000743
0.00001	0.00001	0.109385	0.890575	0.00001	0.00001
0.00001	0.00001	0.00001	0.99995	0.00001	0.00001
0.00001	0.00001	0.00001	0.99995	0.00001	0.00001
0.00001	0.00001	0.00001	0.99995	0.00001	0.00001
0.00001	0.076183	0.00001	0.923777	0.00001	0.00001
0.00001	0.134704	0.00001	0.865256	0.00001	0.00001
0.00001	0.00001	0.00001	0.99995	0.00001	0.00001
0.00001	0.00001	0.244979	0.754981	0.00001	0.00001
0.00001	0.00001	0.00001	0.99995	0.00001	0.00001
0.000019	0.027644	0.00001	0.972307	0.00001	0.00001
0.00001	0.00001	0.00001	0.831197	0.168763	0.00001
0.009321	0.00001	0.00001	0.878365	0.00001	0.112284
0.00001	0.00001	0.00001	0.99995	0.00001	0.00001
0.00001	0.065148	0.060594	0.874228	0.00001	0.00001
0.00001	0.00001	0.00001	0.99995	0.00001	0.00001
0.00001	0.060173	0.00001	0.939787	0.00001	0.00001
0.00001	0.00001	0.121117	0.878843	0.00001	0.00001
0.00001	0.00001	0.00001	0.99995	0.00001	0.00001
0.00001	0.032587	0.00001	0.962136	0.00001	0.005248
0.00001	0.00001	0.064422	0.935538	0.00001	0.00001
0.00001	0.00001	0.00001	0.99995	0.00001	0.00001
0.00001	0.00001	0.117341	0.882619	0.00001	0.00001
0.00001	0.00001	0.053123	0.946837	0.00001	0.00001
0.00001	0.00001	0.00001	0.952966	0.00001	0.046994
0.00001	0.140257	0.00001	0.859703	0.00001	0.00001
0.00001	0.00001	0.006096	0.993864	0.00001	0.00001
0.00001	0.063732	0.00001	0.936228	0.00001	0.00001
0.00001	0.00001	0.080551	0.919409	0.00001	0.00001
0.00001	0.00001	0.00001	0.99995	0.00001	0.00001
0.00001	0.00001	0.00001	0.97604	0.00001	0.02392
0.023734	0.00001	0.00001	0.955378	0.00001	0.020858
0.052614	0.01248	0.00001	0.786617	0.00001	0.148269
0.00001	0.110155	0.00001	0.873221	0.00001	0.016593
0.00001	0.00001	0.003092	0.898897	0.09798	0.00001
0.000013	0.057752	0.00001	0.942205	0.00001	0.00001
0.00001	0.00001	0.406923	0.455697	0.00001	0.13735
0.00001	0.00352	0.00001	0.995529	0.00001	0.000921
0.00001	0.090386	0.00001	0.888829	0.00001	0.020755
0.00001	0.00001	0.067176	0.932784	0.00001	0.00001
0.00001	0.019608	0.00001	0.980352	0.00001	0.00001
0.00001	0.054006	0.00001	0.945954	0.00001	0.00001
0.00001	0.041811	0.003749	0.95441	0.00001	0.00001
0.00001	0.00001	0.00001	0.99995	0.00001	0.00001
0.00001	0.00001	0.00001	0.99995	0.00001	0.00001
0.00001	0.00001	0.00001	0.99995	0.00001	0.00001
0.00001	0.00001	0.00001	0.99995	0.00001	0.00001
0.03133	0.033839	0.00001	0.805925	0.00001	0.128886
0.00001	0.00001	0.00001	0.99995	0.00001	0.00001
0.00001	0.00001	0.04326	0.9567	0.00001	0.00001
0.00001	0.00001	0.00001	0.99995	0.00001	0.00001
0.00001	0.058221	0.00001	0.941739	0.00001	0.00001
0.00001	0.12313	0.00001	0.87683	0.00001	0.00001
0.00001	0.00001	0.00001	0.913031	0.00001	0.086929
0.00001	0.00001	0.00001	0.99995	0.00001	0.00001
0.00001	0.00001	0.00001	0.99995	0.00001	0.00001
0.116307	0.07208	0.00001	0.744822	0.00001	0.066771
0.00001	0.00125	0.00001	0.979154	0.00001	0.019566
0.00001	0.0585	0.00001	0.94146	0.00001	0.00001
0.00001	0.161179	0.00001	0.838781	0.00001	0.00001
0.00001	0.00001	0.00001	0.99995	0.00001	0.00001
0.00001	0.00001	0.00001	0.99995	0.00001	0.00001
0.00001	0.00001	0.00001	0.741833	0.258127	0.00001
0.00001	0.00001	0.00001	0.99995	0.00001	0.00001
0.00001	0.00001	0.00001	0.953724	0.00001	0.046236
0.00001	0.00001	0.047546	0.952414	0.00001	0.00001
0.00001	0.00001	0.00001	0.99995	0.00001	0.00001
0.01603	0.259089	0.00001	0.72485	0.00001	0.00001
0.00001	0.00001	0.067994	0.931966	0.00001	0.00001
0.00001	0.00001	0.00001	0.99995	0.00001	0.00001
0.00001	0.00001	0.00001	0.99995	0.00001	0.00001
0.000798	0.00001	0.007388	0.991785	0.00001	0.00001
0.638512	0.361448	0.00001	0.00001	0.00001	0.00001
0.723632	0.00001	0.010285	0.023342	0.24272	0.00001
0.775623	0.224337	0.00001	0.00001	0.00001	0.00001
0.69032	0.00001	0.088265	0.0251	0.196294	0.00001
0.691979	0.00001	0.00001	0.058663	0.00001	0.249329
0.61348	0.00001	0.360251	0.026239	0.00001	0.00001
0.61671	0.00001	0.00001	0.00001	0.38325	0.00001
0.701786	0.00001	0.003068	0.00001	0.295117	0.00001
0.73922	0.00001	0.031975	0.00001	0.228774	0.00001
0.735579	0.117472	0.00001	0.032737	0.00001	0.114192
0.678987	0.265995	0.00001	0.00563	0.00001	0.049368
0.695231	0.170794	0.013484	0.060637	0.024453	0.035401
0.730226	0.05129	0.013763	0.050111	0.1546	0.00001
0.709297	0.00001	0.205291	0.036371	0.00001	0.049021
0.784883	0.00001	0.00001	0.042863	0.075881	0.096352
0.672203	0.238991	0.00001	0.000012	0.001243	0.087541
0.658108	0.287828	0.00001	0.023984	0.00001	0.03006
0.373239	0.123162	0.409279	0.025674	0.015252	0.053395
0.651564	0.00001	0.313477	0.034929	0.00001	0.00001
0.735276	0.00001	0.033894	0.047855	0.02772	0.155245
0.727205	0.00001	0.026655	0.037781	0.20834	0.00001
0.66619	0.31553	0.00001	0.00001	0.01825	0.00001
0.717806	0.136289	0.00001	0.055202	0.088041	0.002651
0.806899	0.00001	0.00001	0.011052	0.00001	0.182019
0.74435	0.00001	0.00001	0.00001	0.251369	0.004251
0.684076	0.08264	0.00001	0.042709	0.190555	0.00001
0.337	0.224024	0.438945	0.00001	0.00001	0.00001
0.643015	0.00001	0.154531	0.00001	0.202423	0.00001
0.803495	0.02656	0.015471	0.00001	0.00001	0.154454
0.749101	0.00001	0.042769	0.00001	0.2081	0.00001
0.71018	0.256464	0.00001	0.00001	0.00001	0.033326
0.746856	0.108929	0.00001	0.00001	0.00001	0.144185
0.745257	0.084132	0.00001	0.00001	0.00001	0.170581
0.776231	0.010776	0.00001	0.028884	0.00001	0.184089
0.725546	0.00001	0.130872	0.052296	0.038224	0.053052
0.626531	0.00001	0.312456	0.060983	0.00001	0.00001
0.782063	0.00001	0.00001	0.03515	0.00001	0.182756
0.673594	0.178065	0.003377	0.00001	0.144943	0.00001
0.615751	0.363355	0.00001	0.020864	0.00001	0.00001
0.816532	0.00001	0.00001	0.04604	0.00001	0.137399
0.61973	0.00001	0.331683	0.018541	0.030026	0.00001
0.689099	0.154696	0.021879	0.039416	0.021722	0.073189
0.701204	0.193185	0.00001	0.069912	0.00001	0.035679
0.752051	0.00001	0.134488	0.000201	0.081132	0.032119
0.654702	0.00001	0.033463	0.00001	0.311806	0.00001
0.790657	0.065966	0.00001	0.001352	0.00001	0.142005
0.655693	0.070938	0.021329	0.00001	0.25202	0.00001
0.692258	0.00001	0.031272	0.011155	0.265294	0.00001
0.449514	0.445463	0.027798	0.00001	0.00001	0.077205
0.595729	0.015056	0.327928	0.014445	0.006166	0.040677
0.577027	0.253648	0.00754	0.039226	0.00001	0.122548
0.703609	0.254964	0.00001	0.009027	0.00001	0.03238
0.73667	0.00001	0.020264	0.00001	0.243036	0.00001
0.667565	0.275915	0.00001	0.008444	0.02607	0.021996
0.673875	0.245734	0.00001	0.072695	0.007676	0.00001
0.723118	0.00001	0.031895	0.005512	0.239455	0.00001
0.748701	0.092622	0.006266	0.04431	0.00001	0.108091
0.685141	0.00001	0.002867	0.00001	0.311962	0.00001
0.623145	0.00001	0.111724	0.00001	0.2651	0.00001
0.697808	0.003523	0.204226	0.051431	0.00001	0.043003
0.617708	0.00001	0.093255	0.00001	0.289008	0.00001
0.727353	0.00001	0.019659	0.068165	0.114951	0.069862
0.647597	0.151702	0.006842	0.027908	0.00001	0.165941
0.752073	0.07993	0.00001	0.00001	0.00001	0.167967
0.743231	0.00001	0.014199	0.063364	0.167647	0.011549
0.776945	0.080282	0.00001	0.016182	0.004695	0.121886
0.6521	0.283487	0.00001	0.05313	0.011263	0.00001
0.565705	0.00001	0.373069	0.018495	0.042711	0.00001
0.612051	0.00001	0.387909	0.00001	0.00001	0.00001
0.719012	0.00001	0.00001	0.007258	0.2737	0.00001
0.599286	0.00001	0.390261	0.010423	0.00001	0.00001
0.600061	0.290328	0.070979	0.020337	0.00001	0.018285
0.616188	0.281174	0.00001	0.033593	0.00001	0.069025
0.727275	0.121914	0.00001	0.00001	0.00001	0.150781
0.793046	0.00001	0.030625	0.058946	0.117363	0.00001
0.714574	0.00001	0.028831	0.048971	0.207604	0.00001
0.70131	0.118799	0.055285	0.030531	0.00001	0.094064
0.802608	0.00001	0.00148	0.045653	0.00001	0.150238
0.745328	0.026416	0.00001	0.032554	0.00001	0.195682
0.673762	0.158633	0.00001	0.027974	0.139611	0.00001
0.749215	0.129331	0.00001	0.021711	0.00001	0.099723
0.755344	0.00001	0.053229	0.062577	0.038839	0.090001
0.737093	0.00001	0.01513	0.037629	0.150466	0.059673
0.687221	0.00001	0.096315	0.017465	0.198978	0.00001
0.723864	0.121156	0.00001	0.007961	0.00001	0.146999
0.779233	0.00001	0.006521	0.03451	0.130489	0.049238
0.696902	0.00001	0.00001	0.017549	0.285519	0.00001
0.71795	0.081178	0.00001	0.049372	0.036284	0.115206
0.728761	0.00001	0.033015	0.000011	0.214957	0.023246
0.638658	0.00001	0.223447	0.004158	0.133717	0.00001
0.668419	0.105173	0.012561	0.058048	0.155789	0.00001
0.666225	0.00001	0.051642	0.00001	0.282102	0.00001
0.758828	0.00001	0.001598	0.059095	0.024921	0.155548
0.671385	0.150221	0.011785	0.003613	0.007752	0.155243
0.743646	0.039886	0.00001	0.046436	0.00001	0.170011
0.733803	0.020252	0.001625	0.015906	0.228405	0.00001
0.808599	0.00001	0.00001	0.028093	0.00001	0.163278
0.77408	0.029191	0.00001	0.028027	0.00001	0.168682
0.643125	0.069839	0.032719	0.025613	0.228695	0.00001
0.816527	0.171758	0.00001	0.011684	0.00001	0.00001
0.903937	0.00001	0.00001	0.00001	0.018656	0.077377
0.833539	0.166421	0.00001	0.00001	0.00001	0.00001
0.839751	0.027894	0.00001	0.00001	0.00001	0.132325
0.791448	0.208512	0.00001	0.00001	0.00001	0.00001
0.874928	0.068716	0.00001	0.035864	0.00001	0.020472
0.876309	0.021681	0.00001	0.037359	0.00001	0.06463
0.801468	0.198492	0.00001	0.00001	0.00001	0.00001
0.724781	0.275179	0.00001	0.00001	0.00001	0.00001
0.785127	0.190296	0.00001	0.024546	0.00001	0.00001
0.889268	0.110692	0.00001	0.00001	0.00001	0.00001
0.91263	0.00001	0.00001	0.00001	0.00001	0.08733
0.890002	0.019258	0.075616	0.00001	0.00001	0.015105
0.887807	0.00001	0.00001	0.007805	0.00001	0.104358
0.90868	0.056249	0.00001	0.00001	0.00001	0.035041
0.918536	0.00001	0.00001	0.00001	0.00001	0.081424
0.84127	0.100489	0.00001	0.00001	0.00001	0.058211
0.771909	0.00001	0.00001	0.00001	0.00001	0.228051
0.800751	0.199209	0.00001	0.00001	0.00001	0.00001
0.890211	0.000135	0.081245	0.00001	0.00001	0.028389
0.805474	0.194486	0.00001	0.00001	0.00001	0.00001
0.740232	0.00001	0.259728	0.00001	0.00001	0.00001
0.720545	0.00001	0.279415	0.00001	0.00001	0.00001
0.864986	0.05756	0.00001	0.00001	0.00001	0.077424
0.893874	0.106086	0.00001	0.00001	0.00001	0.00001
0.760764	0.00001	0.239196	0.00001	0.00001	0.00001
0.886749	0.00001	0.00001	0.054143	0.00001	0.059078
0.822589	0.177371	0.00001	0.00001	0.00001	0.00001
0.819726	0.180234	0.00001	0.00001	0.00001	0.00001
0.909235	0.00001	0.00001	0.020706	0.00001	0.070029
0.851363	0.036711	0.00001	0.00001	0.00001	0.111896
0.739447	0.00001	0.260513	0.00001	0.00001	0.00001
0.865896	0.105355	0.00001	0.00001	0.00001	0.028718
0.846078	0.124759	0.00001	0.014235	0.00001	0.014907
0.716474	0.00001	0.283486	0.00001	0.00001	0.00001
0.857895	0.024554	0.00001	0.030314	0.064914	0.022312
0.888955	0.00001	0.00001	0.012163	0.008414	0.090448
0.837249	0.162711	0.00001	0.00001	0.00001	0.00001
0.867843	0.09223	0.00001	0.00001	0.00001	0.039897
0.844863	0.102092	0.006251	0.006192	0.00001	0.040592
0.870646	0.00001	0.00001	0.011081	0.00001	0.118242
0.775197	0.220418	0.00001	0.00001	0.00001	0.004355
0.767833	0.232127	0.00001	0.00001	0.00001	0.00001
0.767906	0.232054	0.00001	0.00001	0.00001	0.00001
0.774108	0.115055	0.011465	0.00001	0.099352	0.00001
0.841126	0.00001	0.00001	0.00001	0.00001	0.158834
0.829695	0.170265	0.00001	0.00001	0.00001	0.00001
0.850494	0.077688	0.027206	0.00001	0.00001	0.044592
0.707745	0.219705	0.00001	0.022014	0.00001	0.050517
0.826442	0.076681	0.00001	0.002263	0.00001	0.094594
0.899475	0.024623	0.00001	0.019091	0.00001	0.056792
0.870302	0.00001	0.00001	0.037868	0.00001	0.0918
0.799573	0.200387	0.00001	0.00001	0.00001	0.00001
0.845608	0.00001	0.00001	0.00001	0.00001	0.154352
0.879979	0.091936	0.00001	0.00001	0.00001	0.028055
0.85133	0.109416	0.00001	0.020484	0.00001	0.01875
0.827277	0.172683	0.00001	0.00001	0.00001	0.00001
0.92188	0.00001	0.00001	0.00001	0.00001	0.07808
0.758907	0.241053	0.00001	0.00001	0.00001	0.00001
0.850266	0.00001	0.00001	0.027552	0.00001	0.122152
0.908003	0.00001	0.00001	0.003731	0.00001	0.088236
0.827161	0.163456	0.00001	0.00001	0.00001	0.009353
0.694406	0.00001	0.305554	0.00001	0.00001	0.00001
0.809114	0.183886	0.00001	0.00697	0.00001	0.00001
0.816222	0.107007	0.00001	0.00001	0.00001	0.076741
0.859449	0.114582	0.00001	0.025939	0.00001	0.00001
0.893765	0.000205	0.00001	0.00001	0.00001	0.106
0.804571	0.084057	0.018036	0.00001	0.093316	0.00001
0.735585	0.264375	0.00001	0.00001	0.00001	0.00001
0.66162	0.017817	0.320533	0.00001	0.00001	0.00001
0.706489	0.00001	0.293471	0.00001	0.00001	0.00001
0.690323	0.00001	0.309637	0.00001	0.00001	0.00001
0.879493	0.040652	0.00001	0.00001	0.00001	0.079825
0.257729	0.266661	0.268507	0.070031	0.00001	0.137061
0.751941	0.004256	0.243773	0.00001	0.00001	0.00001
0.867436	0.098333	0.00001	0.00001	0.00001	0.034201
0.681065	0.00001	0.318895	0.00001	0.00001	0.00001
0.78396	0.102174	0.00001	0.00001	0.113836	0.00001
0.839134	0.160826	0.00001	0.00001	0.00001	0.00001
0.799505	0.00001	0.200455	0.00001	0.00001	0.00001
0.826198	0.129006	0.003882	0.004534	0.03637	0.00001
0.799818	0.00001	0.200139	0.00001	0.000013	0.00001
0.807515	0.192445	0.00001	0.00001	0.00001	0.00001
0.71541	0.153514	0.00001	0.00001	0.00001	0.131046
0.721323	0.215885	0.00001	0.026758	0.00001	0.036014
0.761167	0.238793	0.00001	0.00001	0.00001	0.00001
0.8088	0.120859	0.00001	0.00001	0.070311	0.00001
0.864872	0.034281	0.00001	0.06004	0.00001	0.040786
0.821006	0.078018	0.00001	0.078949	0.022007	0.00001
0.861949	0.138011	0.00001	0.00001	0.00001	0.00001
0.91564	0.00001	0.00001	0.00001	0.011559	0.072771
0.857444	0.142516	0.00001	0.00001	0.00001	0.00001
0.884569	0.002264	0.00001	0.00001	0.00001	0.113138
0.343413	0.612888	0.00001	0.043669	0.00001	0.00001
0.377466	0.523612	0.00001	0.013922	0.00001	0.084979
0.385026	0.356955	0.045268	0.00001	0.089916	0.122824
0.262894	0.522155	0.00001	0.00001	0.214921	0.00001
0.333881	0.638004	0.00001	0.00001	0.00001	0.028085
0.372096	0.405163	0.028689	0.00001	0.00001	0.194032
0.414687	0.36898	0.00001	0.00001	0.00001	0.216302
0.288256	0.624787	0.00001	0.00001	0.00001	0.086927
0.275497	0.150216	0.490529	0.020815	0.00001	0.062934
0.404771	0.237554	0.215247	0.01369	0.037299	0.091439
0.306829	0.594045	0.00001	0.00001	0.00001	0.099096
0.316722	0.636515	0.00001	0.00001	0.00001	0.046733
0.372454	0.540913	0.00001	0.002608	0.00001	0.084005
0.317926	0.510973	0.020231	0.002968	0.00001	0.147892
0.382776	0.461335	0.00001	0.00001	0.00001	0.155859
0.308314	0.642872	0.00001	0.00001	0.00001	0.048784
0.26019	0.204861	0.510087	0.00001	0.00001	0.024842
0.274715	0.679897	0.00001	0.018091	0.00001	0.027277
0.375463	0.411857	0.053331	0.048776	0.01554	0.095033
0.43567	0.301073	0.00001	0.002078	0.00001	0.261159
0.396849	0.390574	0.0099	0.00001	0.040802	0.161864
0.316788	0.54434	0.00001	0.00001	0.00001	0.138842
0.328023	0.541819	0.00001	0.033383	0.00001	0.096755
0.311298	0.688662	0.00001	0.00001	0.00001	0.00001
0.317515	0.573502	0.00001	0.006833	0.00001	0.10213
0.298166	0.164199	0.537604	0.00001	0.00001	0.00001
0.32403	0.61961	0.00001	0.00001	0.00001	0.05633
0.381436	0.386611	0.155202	0.00001	0.00001	0.076731
0.153737	0.666213	0.00001	0.00001	0.00001	0.18002
0.19824	0.611153	0.00001	0.025698	0.00001	0.164889
0.147052	0.436811	0.210532	0.00001	0.00001	0.205585
0.198206	0.53753	0.035744	0.00001	0.00001	0.2285
0.223949	0.470578	0.050333	0.00001	0.120957	0.134173
0.134844	0.693743	0.025991	0.015298	0.00001	0.130114
0.36751	0.367371	0.020021	0.009887	0.00001	0.2352
0.183432	0.654243	0.00001	0.00001	0.00001	0.162295
0.142754	0.270395	0.474215	0.007547	0.00001	0.105079
0.261544	0.473472	0.00001	0.00001	0.00001	0.264955
0.158807	0.589191	0.043952	0.039852	0.00001	0.168188
0.172439	0.580966	0.00001	0.00001	0.00001	0.246564
0.10926	0.740995	0.008341	0.050771	0.00001	0.090623
0.051702	0.910675	0.00001	0.029412	0.00001	0.00819
0.209808	0.422193	0.022632	0.05274	0.00001	0.292618
0.20263	0.533116	0.076876	0.012654	0.001931	0.172793
0.070724	0.325237	0.538999	0.035657	0.00001	0.029374
0.11857	0.548131	0.00001	0.042824	0.00001	0.290455
0.191359	0.645058	0.00001	0.00001	0.00001	0.163553
0.091445	0.73611	0.00001	0.041203	0.00001	0.131221
0.192574	0.626975	0.00001	0.004572	0.00001	0.175859
0.174751	0.482487	0.102015	0.036085	0.00001	0.204652
0.010592	0.082024	0.200491	0.054925	0.180488	0.471481
0.369375	0.255368	0.00001	0.00001	0.00001	0.375227
0.19123	0.558125	0.00001	0.024939	0.00001	0.225686
0.154795	0.6143	0.032819	0.007852	0.00001	0.190224
0.304373	0.447169	0.035869	0.03398	0.178599	0.00001
0.047535	0.501224	0.333074	0.017697	0.00001	0.100459
0.116083	0.28386	0.093235	0.00001	0.506802	0.00001
0.009005	0.590155	0.400811	0.00001	0.00001	0.00001
0.112993	0.460464	0.290538	0.048735	0.00001	0.08726
0.264711	0.459309	0.00001	0.025682	0.00001	0.250278
0.028198	0.382989	0.467395	0.121397	0.00001	0.00001
0.180998	0.31895	0.011396	0.008712	0.396213	0.083731
0.156858	0.665344	0.013047	0.005497	0.00001	0.159243
0.194189	0.601086	0.061077	0.045709	0.00001	0.097928
0.056598	0.474432	0.46894	0.00001	0.00001	0.00001
0.042769	0.950483	0.00001	0.006719	0.00001	0.00001
0.255504	0.449975	0.047493	0.00001	0.069728	0.177289
0.144782	0.553768	0.00001	0.00001	0.30142	0.00001
0.247234	0.406139	0.037188	0.039058	0.00001	0.270371
0.273932	0.474548	0.00001	0.00001	0.00001	0.251491
0.246132	0.49621	0.00001	0.00001	0.00001	0.257628
0.209519	0.273362	0.096536	0.026531	0.175552	0.2185
0.204618	0.584952	0.00001	0.009111	0.00001	0.201298
0.239164	0.57013	0.000304	0.00211	0.00001	0.188282
0.105805	0.713682	0.00001	0.00001	0.043813	0.13668
0.187747	0.634366	0.00001	0.00001	0.00001	0.177857
0.209987	0.654484	0.00001	0.00373	0.00001	0.131778
0.192258	0.610744	0.00001	0.00001	0.00001	0.196969
0.157783	0.262214	0.413344	0.00001	0.00001	0.166639
0.075965	0.46075	0.45885	0.00001	0.00001	0.004415
0.154726	0.521747	0.034378	0.00001	0.20551	0.083628
0.195343	0.571586	0.00001	0.025844	0.00001	0.207207
0.232611	0.597894	0.00001	0.015803	0.00001	0.153672
0.127149	0.720768	0.00001	0.00001	0.00001	0.152053
0.200876	0.612354	0.00001	0.00001	0.00001	0.18674
0.264425	0.435706	0.00001	0.00001	0.075432	0.224417
0.183844	0.600921	0.004381	0.00001	0.00001	0.210834
0.154563	0.771606	0.00001	0.00001	0.00001	0.073801
0.183738	0.664182	0.00001	0.00001	0.00001	0.15205
0.256713	0.464019	0.00001	0.00001	0.00001	0.279238
0.313354	0.26466	0.00001	0.060958	0.051832	0.309185
0.242378	0.500003	0.00001	0.00001	0.00001	0.257589
0.239377	0.619325	0.00001	0.019952	0.00001	0.121326
0.169247	0.599593	0.00001	0.04372	0.00001	0.18742
0.26909	0.458967	0.00001	0.053115	0.00001	0.218807
0.128128	0.470956	0.00001	0.00001	0.400886	0.00001
0.247975	0.492739	0.01753	0.003464	0.055279	0.183013
0.123957	0.444006	0.00001	0.00001	0.432007	0.00001
0.240371	0.528566	0.00001	0.00001	0.038352	0.192692
0.18243	0.63469	0.00001	0.020908	0.00001	0.161952
0.150128	0.680977	0.00001	0.003751	0.00001	0.165123
0.262503	0.476016	0.00001	0.05345	0.00001	0.208011
0.360033	0.286233	0.00001	0.00001	0.02446	0.329255
0.20379	0.545091	0.00001	0.010652	0.00001	0.240446
0.345191	0.180373	0.068789	0.051703	0.00001	0.353934
0.021631	0.335934	0.00001	0.108049	0.008468	0.525909
0.00001	0.060108	0.016731	0.00001	0.680429	0.242712
0.151173	0.118944	0.320978	0.029243	0.130809	0.248853
0.188606	0.235129	0.035566	0.00001	0.163785	0.376904
0.138966	0.146844	0.00001	0.064309	0.00001	0.649861
0.310144	0.55543	0.00001	0.00001	0.00001	0.134396
0.047142	0.263981	0.00001	0.061418	0.055708	0.571741
0.03386	0.00001	0.038218	0.076821	0.551639	0.299452
0.00001	0.313748	0.04839	0.061106	0.00001	0.576736
0.055248	0.301261	0.450295	0.00001	0.00001	0.193176
0.179821	0.388902	0.00001	0.025135	0.026367	0.379764
0.00729	0.364689	0.00001	0.073405	0.052388	0.502217
0.114697	0.00001	0.041838	0.056726	0.167977	0.618752
0.047352	0.514184	0.00001	0.015956	0.00001	0.422488
0.00001	0.553578	0.00001	0.023363	0.00001	0.423029
0.368427	0.328725	0.00001	0.006879	0.00001	0.295949
0.107101	0.158716	0.516292	0.014019	0.004003	0.199869
0.214792	0.403621	0.00001	0.00001	0.00001	0.381557
0.19297	0.733681	0.004702	0.025398	0.00001	0.043238
0.040444	0.273832	0.00001	0.072414	0.00001	0.613291
0.149367	0.56048	0.00001	0.03231	0.00001	0.257823
0.026365	0.549965	0.00001	0.109667	0.00001	0.313984
0.077866	0.504603	0.417501	0.00001	0.00001	0.00001
0.109501	0.535127	0.038534	0.028194	0.033123	0.25552
0.281342	0.298961	0.277607	0.011435	0.00001	0.130644
0.078262	0.627627	0.00001	0.00001	0.00001	0.294081
0.34494	0.273396	0.381634	0.00001	0.00001	0.00001
0.244635	0.373877	0.00001	0.025563	0.00001	0.355906
0.01286	0.049537	0.088215	0.059882	0.389483	0.400023
0.010348	0.328133	0.00001	0.033202	0.236554	0.391754
0.030162	0.023338	0.022451	0.110567	0.741117	0.072364
0.00001	0.068915	0.00001	0.05685	0.615261	0.258954
0.045568	0.42159	0.017907	0.02347	0.207149	0.284317
0.00001	0.393103	0.00001	0.078985	0.00001	0.527882
0.081061	0.123313	0.008431	0.06287	0.149523	0.574802
0.022587	0.00001	0.365993	0.083501	0.027829	0.50008
0.071742	0.197222	0.00001	0.102907	0.00001	0.628108
0.116313	0.280714	0.522674	0.026	0.00001	0.054289
0.23115	0.410333	0.00001	0.01128	0.00001	0.347217
0.00001	0.275533	0.00001	0.023969	0.51895	0.181528
0.00001	0.263806	0.509712	0.016617	0.00001	0.209844
0.084011	0.167449	0.096473	0.065377	0.00001	0.586679
0.031845	0.083719	0.035513	0.063733	0.299825	0.485366
0.028876	0.389689	0.00001	0.058304	0.00001	0.523111
0.105971	0.260632	0.044435	0.129238	0.019194	0.44053
0.098204	0.064869	0.025266	0.025688	0.172959	0.613013
0.125117	0.012625	0.070127	0.051808	0.00001	0.740313
0.19986	0.667329	0.00001	0.000015	0.00001	0.132776
0.050976	0.3214	0.00001	0.033389	0.00001	0.594215
0.083206	0.426209	0.00001	0.001942	0.31223	0.176403
0.033799	0.26448	0.00001	0.102765	0.148011	0.450935
0.00001	0.206408	0.00001	0.067421	0.309848	0.416303
0.006796	0.279336	0.029996	0.052275	0.12461	0.506986
0.00001	0.329812	0.040918	0.048409	0.119532	0.461318
0.055509	0.152672	0.056199	0.05139	0.023681	0.660549
0.071291	0.210877	0.00001	0.028151	0.346251	0.343421
0.08818	0.148887	0.058195	0.065232	0.00001	0.639496
0.048454	0.216892	0.690551	0.00001	0.00001	0.044084
0.247157	0.408382	0.004173	0.092692	0.005977	0.24162
0.089232	0.179514	0.00001	0.131181	0.00001	0.600053
0.07083	0.529178	0.00001	0.033025	0.00001	0.366947
0.03837	0.244759	0.00001	0.049005	0.039635	0.628221
0.114858	0.738933	0.00001	0.01539	0.00001	0.1308
0.00001	0.339326	0.088692	0.097496	0.00001	0.474467
0.342851	0.155933	0.003364	0.065064	0.125317	0.307471
0.16039	0.593822	0.00001	0.00001	0.00001	0.245758
0.00001	0.01867	0.029576	0.021409	0.843026	0.087309
0.009179	0.060661	0.342986	0.064081	0.007447	0.515646
0.275068	0.43909	0.00001	0.012061	0.00001	0.273761
0.051349	0.030908	0.00001	0.005726	0.496808	0.415198
0.024539	0.087783	0.193453	0.102728	0.001936	0.589561
0.073353	0.131453	0.104395	0.089965	0.00001	0.600824
0.054601	0.296048	0.00001	0.093041	0.025182	0.531118
0.215495	0.403591	0.039297	0.015559	0.132933	0.193125
0.118776	0.304722	0.00001	0.009467	0.357414	0.20961
0.061728	0.279692	0.00001	0.066645	0.00001	0.591915
0.033626	0.080214	0.078828	0.060352	0.281495	0.465486
0.200677	0.429537	0.00001	0.059729	0.00001	0.310037
0.120247	0.00001	0.172114	0.140928	0.110868	0.455832
0.147063	0.526967	0.00001	0.00001	0.00001	0.32594
0.421376	0.578584	0.00001	0.00001	0.00001	0.00001
0.252805	0.131791	0.315817	0.005529	0.095292	0.198767
0.051952	0.067649	0.026923	0.060421	0.275415	0.51764
0.073973	0.137517	0.020539	0.052821	0.189194	0.525955
0.00001	0.141441	0.295518	0.072744	0.024043	0.466244
0.218805	0.510345	0.00001	0.042662	0.00001	0.228168
0.09821	0.053116	0.00001	0.131219	0.197619	0.519826
0.230466	0.572423	0.00001	0.00001	0.00001	0.197081
0.00001	0.210773	0.340787	0.04224	0.00001	0.40618
0.070988	0.085724	0.056568	0.061141	0.151211	0.574367
0.00001	0.338874	0.00001	0.120487	0.00001	0.540609
0.00001	0.00001	0.420014	0.058547	0.00001	0.521409
0.091566	0.440269	0.00001	0.045062	0.00001	0.423083
0.255861	0.277899	0.00001	0.00001	0.00001	0.46621
0.111556	0.024735	0.092712	0.090864	0.035995	0.644139
0.00001	0.201888	0.269108	0.041473	0.106818	0.380703
0.151487	0.698931	0.00001	0.014468	0.00001	0.135094
0.050108	0.232611	0.00001	0.052186	0.598423	0.066663
0.088505	0.223871	0.00001	0.029629	0.00001	0.657975
0.09009	0.089604	0.052331	0.030888	0.125307	0.611781
0.089771	0.102205	0.00001	0.044208	0.145521	0.618285
0.096862	0.227702	0.625106	0.00001	0.00001	0.05031
0.167371	0.197691	0.053784	0.067873	0.072359	0.440922
0.404843	0.534794	0.00001	0.0111	0.00001	0.049243
0.520657	0.342934	0.04033	0.029178	0.00001	0.066892
0.457786	0.460329	0.033893	0.011838	0.00001	0.036144
0.293534	0.636294	0.025448	0.036394	0.00832	0.00001
0.347596	0.095329	0.557045	0.00001	0.00001	0.00001
0.543886	0.395556	0.00001	0.000013	0.00001	0.060524
0.427745	0.48315	0.033848	0.041745	0.013502	0.00001
0.437512	0.497652	0.00001	0.026746	0.00001	0.03807
0.446221	0.453919	0.00001	0.029462	0.00001	0.070377
0.459642	0.534592	0.00001	0.005736	0.00001	0.00001
0.492223	0.507737	0.00001	0.00001	0.00001	0.00001
0.375839	0.624121	0.00001	0.00001	0.00001	0.00001
0.440108	0.426844	0.046265	0.013553	0.006478	0.066752
0.499744	0.391723	0.00001	0.035423	0.00001	0.07309
0.407061	0.575862	0.00001	0.017046	0.00001	0.00001
0.513222	0.474131	0.00173	0.010896	0.00001	0.00001
0.28071	0.219629	0.499631	0.00001	0.00001	0.00001
0.619644	0.242379	0.014892	0.00001	0.00001	0.123065
0.421456	0.578504	0.00001	0.00001	0.00001	0.00001
0.380652	0.610133	0.00001	0.009185	0.00001	0.00001
0.4859	0.497626	0.016444	0.00001	0.00001	0.00001
0.524826	0.110841	0.364304	0.00001	0.00001	0.00001
0.449877	0.261746	0.288348	0.00001	0.00001	0.00001
0.467791	0.041744	0.490435	0.00001	0.00001	0.00001
0.482326	0.517634	0.00001	0.00001	0.00001	0.00001
0.341767	0.42873	0.00001	0.036277	0.003279	0.189937
0.284545	0.13879	0.506069	0.030756	0.00001	0.03983
0.320489	0.331969	0.00001	0.009367	0.338155	0.00001
0.33629	0.66367	0.00001	0.00001	0.00001	0.00001
0.440509	0.171511	0.27755	0.020285	0.090135	0.00001
0.467764	0.419345	0.112862	0.00001	0.00001	0.00001
0.471144	0.494607	0.00001	0.034218	0.00001	0.00001
0.543153	0.368414	0.00001	0.016813	0.04519	0.02642
0.63593	0.070324	0.087765	0.003521	0.20245	0.00001
0.373086	0.01715	0.061876	0.015945	0.10846	0.423483
0.62233	0.293256	0.00001	0.009745	0.00001	0.074649
0.363918	0.215287	0.420764	0.00001	0.00001	0.00001
0.393912	0.442167	0.041635	0.029499	0.003943	0.088843
0.318048	0.58283	0.00001	0.00001	0.00001	0.099093
0.613926	0.125422	0.047059	0.014943	0.198639	0.00001
0.640886	0.337035	0.00001	0.022049	0.00001	0.00001
0.600622	0.123495	0.275853	0.00001	0.00001	0.00001
0.658468	0.341492	0.00001	0.00001	0.00001	0.00001
0.638065	0.291052	0.00001	0.0068	0.00001	0.064064
0.536572	0.459379	0.00402	0.00001	0.00001	0.00001
0.71882	0.280837	0.00001	0.000314	0.00001	0.00001
0.433062	0.436876	0.00001	0.00001	0.00001	0.130032
0.596814	0.36557	0.010572	0.00001	0.027024	0.00001
0.595923	0.00001	0.404037	0.00001	0.00001	0.00001
0.509721	0.490239	0.00001	0.00001	0.00001	0.00001
0.448116	0.551844	0.00001	0.00001	0.00001	0.00001
0.576729	0.423231	0.00001	0.00001	0.00001	0.00001
0.344419	0.655541	0.00001	0.00001	0.00001	0.00001
0.35137	0.374624	0.00001	0.00001	0.000791	0.273195
0.558643	0.401963	0.039364	0.00001	0.00001	0.00001
0.393176	0.487652	0.069471	0.011223	0.00001	0.038468
0.603419	0.334441	0.013073	0.042527	0.006529	0.00001
0.534324	0.00001	0.465636	0.00001	0.00001	0.00001
0.659338	0.249027	0.00001	0.00001	0.00001	0.091605
0.560293	0.402012	0.021514	0.00001	0.016162	0.00001
0.572861	0.217808	0.122967	0.054713	0.018964	0.012687
0.776764	0.215863	0.00001	0.007342	0.00001	0.00001
0.572702	0.00001	0.427258	0.00001	0.00001	0.00001
0.562359	0.233202	0.014049	0.00001	0.010537	0.179844
0.119617	0.226357	0.032915	0.018062	0.00001	0.603039
0.349004	0.5666	0.042225	0.00001	0.00001	0.04215
0.406276	0.00001	0.593684	0.00001	0.00001	0.00001
0.265053	0.558463	0.00001	0.008054	0.00001	0.16841
0.233527	0.269482	0.00001	0.00001	0.472484	0.024487
0.465264	0.460713	0.00001	0.015961	0.00001	0.058043
0.425439	0.562567	0.010334	0.00001	0.00001	0.00164
0.449675	0.305765	0.096557	0.01949	0.00001	0.128503
0.239764	0.222754	0.169212	0.024102	0.219182	0.124985
0.275062	0.597722	0.004678	0.004389	0.00001	0.118139
0.227753	0.54891	0.06418	0.005053	0.003202	0.150903
0.468739	0.517812	0.00001	0.00001	0.00001	0.013419
0.133692	0.512173	0.00001	0.00001	0.354105	0.00001
0.155783	0.643231	0.00001	0.004427	0.00001	0.19654
0.114868	0.828068	0.00001	0.00001	0.00001	0.057033
0.255527	0.293836	0.00001	0.00001	0.450607	0.00001
0.30887	0.685641	0.005458	0.00001	0.00001	0.00001
0.231881	0.766986	0.001103	0.00001	0.00001	0.00001
0.290014	0.37607	0.1859	0.00001	0.00001	0.147996
0.247459	0.535061	0.00001	0.070936	0.00001	0.146524
0.119645	0.764847	0.00001	0.079455	0.00001	0.036034
0.419526	0.531538	0.01647	0.00001	0.032446	0.00001
0.428915	0.52059	0.00001	0.00001	0.00001	0.050465
0.514012	0.236611	0.054142	0.007249	0.00001	0.187975
0.500656	0.1533	0.165453	0.00001	0.097133	0.083448
0.226097	0.604289	0.00001	0.00001	0.00001	0.169584
0.498757	0.4321	0.00001	0.00001	0.00001	0.069113
0.457016	0.065763	0.477191	0.00001	0.00001	0.00001
0.344877	0.538003	0.11709	0.00001	0.00001	0.00001
0.34844	0.644675	0.00001	0.00001	0.00001	0.006856
0.218541	0.442503	0.053415	0.026542	0.019332	0.239666
0.316438	0.670585	0.00001	0.00001	0.00001	0.012947
0.026306	0.603329	0.091156	0.044317	0.008583	0.226309
0.220947	0.478493	0.010764	0.00001	0.005058	0.284727
0.409875	0.196609	0.251291	0.06805	0.00001	0.074165
0.279293	0.588438	0.00001	0.00001	0.00001	0.132239
0.34187	0.499578	0.00001	0.00001	0.00001	0.158521
0.281848	0.313531	0.054477	0.118783	0.074729	0.156632
0.504716	0.494278	0.00001	0.000976	0.00001	0.00001
0.153895	0.711765	0.00001	0.00001	0.00001	0.13431
0.475503	0.18123	0.0537	0.072328	0.159514	0.057725
0.23873	0.52274	0.00001	0.031866	0.029372	0.177282
0.22337	0.544618	0.000314	0.032439	0.00001	0.199249
0.176169	0.580861	0.148194	0.02282	0.00001	0.071946
0.206974	0.436859	0.00559	0.056178	0.00001	0.294388
0.263131	0.51606	0.00001	0.00001	0.00001	0.220779
0.377613	0.366396	0.00001	0.00001	0.00001	0.255961
0.2903	0.442456	0.0182	0.042043	0.003194	0.203807
0.083701	0.754355	0.006003	0.041718	0.05226	0.061962
0.199035	0.152484	0.465363	0.034583	0.012457	0.136078
0.102101	0.462576	0.281566	0.00001	0.00001	0.153737
0.206801	0.515043	0.103121	0.00001	0.00001	0.175015
0.279324	0.46951	0.002851	0.00001	0.00001	0.248295
0.142803	0.688894	0.00001	0.016208	0.00001	0.152075
0.297831	0.499999	0.00001	0.00001	0.00001	0.20214
0.019535	0.670159	0.00001	0.024274	0.00001	0.286011
0.283162	0.260121	0.261986	0.000301	0.00001	0.194418
0.042751	0.480945	0.00001	0.098906	0.00001	0.377377
0.253765	0.342043	0.048478	0.017161	0.114112	0.224441
0.184419	0.463837	0.00238	0.00001	0.003106	0.346248
0.154653	0.63253	0.00001	0.022974	0.00001	0.189823
0.224643	0.55517	0.00001	0.00001	0.00001	0.220157
0.192433	0.441314	0.00001	0.00001	0.00001	0.366223
0.130843	0.00001	0.869117	0.00001	0.00001	0.00001
0.098521	0.537952	0.224974	0.005168	0.00001	0.133375
0.144162	0.1689	0.043211	0.02264	0.508447	0.112639
0.144034	0.684922	0.00001	0.00001	0.00001	0.171014
0.191377	0.399718	0.00001	0.00001	0.318773	0.090112
0.241463	0.68581	0.00001	0.00001	0.00001	0.072697
0.148348	0.844822	0.00001	0.006799	0.00001	0.00001
0.205078	0.568187	0.00001	0.005315	0.002801	0.218609
0.158584	0.661839	0.021105	0.033794	0.000515	0.124164
0.155786	0.615584	0.00001	0.027654	0.00001	0.200956
0.231152	0.488718	0.00001	0.00001	0.00001	0.2801
0.282058	0.44247	0.00001	0.00001	0.00001	0.275442
0.230151	0.450868	0.086421	0.031761	0.000047	0.200752
0.195184	0.490534	0.00001	0.018072	0.00001	0.296191
0.338763	0.349023	0.00001	0.00001	0.00001	0.312184
0.225282	0.012417	0.559735	0.007168	0.00001	0.195389
0.289441	0.155178	0.0379	0.00001	0.30821	0.20926
0.220305	0.316178	0.00001	0.00001	0.00001	0.463487
0.17654	0.079431	0.014603	0.036544	0.00001	0.692871
0.210744	0.536294	0.00001	0.00001	0.00001	0.252932
0.171422	0.586145	0.00001	0.033051	0.00001	0.209363
0.176662	0.498349	0.00001	0.00001	0.00001	0.324959
0.206782	0.583544	0.019057	0.004609	0.00001	0.185999
0.166965	0.7205	0.00001	0.00001	0.00001	0.112506
0.193194	0.567972	0.003112	0.042419	0.005967	0.187337
0.241264	0.270131	0.0375	0.00001	0.072002	0.379093
0.121317	0.679051	0.00001	0.00001	0.00001	0.199602
0.172242	0.266584	0.403297	0.00354	0.00001	0.154327
0.27631	0.414713	0.00001	0.00001	0.00001	0.308946
0.189102	0.365951	0.064032	0.008093	0.242858	0.129963
0.095689	0.50468	0.00001	0.00001	0.3996	0.00001
0.246327	0.59152	0.00001	0.02349	0.00001	0.138643
0.080102	0.539106	0.00001	0.00001	0.380761	0.00001
0.169967	0.52781	0.137836	0.017382	0.00001	0.146994
0.226115	0.418637	0.044811	0.033363	0.009376	0.267699
0.439621	0.33699	0.00001	0.00001	0.00001	0.223359
0.221961	0.371035	0.136958	0.004701	0.029673	0.235673
0.120235	0.541492	0.00001	0.052526	0.00001	0.285726
0.322386	0.446308	0.00001	0.00001	0.00001	0.231276
0.196117	0.57198	0.00001	0.00001	0.00001	0.231873
0.203903	0.631561	0.00001	0.042236	0.00001	0.12228
0.264205	0.392536	0.00001	0.011189	0.00001	0.33205
0.149834	0.761893	0.00001	0.015856	0.00001	0.072397
0.146113	0.407112	0.211847	0.040223	0.034525	0.16018
0.280036	0.060026	0.498145	0.00001	0.00001	0.161773
0.152423	0.764137	0.00001	0.00001	0.00001	0.08341
0.10545	0.641542	0.00001	0.00001	0.00001	0.252978
0.269258	0.421948	0.056087	0.00001	0.032163	0.220534
0.218081	0.59982	0.00001	0.00001	0.030827	0.151252
0.255713	0.387895	0.00498	0.01434	0.00001	0.337062
0.229027	0.553166	0.00001	0.00001	0.00001	0.217776
0.222623	0.489381	0.009193	0.00001	0.00001	0.278783
0.228016	0.613217	0.00001	0.030652	0.00001	0.128095
0.181705	0.671951	0.00001	0.019248	0.00001	0.127076
0.036475	0.446654	0.295046	0.02196	0.00001	0.199856
0.271654	0.317511	0.002976	0.00001	0.40784	0.00001
0.096848	0.591639	0.00001	0.003285	0.220559	0.087659
0.119382	0.592886	0.00001	0.023099	0.00001	0.264613
0.306349	0.384974	0.00001	0.00001	0.00001	0.308646
0.416294	0.482561	0.101115	0.00001	0.00001	0.00001
0.165955	0.688861	0.00001	0.00001	0.00001	0.145154
0.203413	0.507443	0.012616	0.009869	0.00001	0.266649
0.154248	0.328242	0.00001	0.00001	0.51748	0.00001
0.256462	0.423398	0.00001	0.00001	0.012772	0.307348
0.174422	0.595267	0.00001	0.050748	0.00001	0.179543
0.231276	0.411269	0.075285	0.00001	0.10435	0.17781
0.315097	0.337101	0.049766	0.00001	0.006627	0.2914
0.00001	0.237039	0.450974	0.00001	0.00001	0.311957
0.145986	0.392195	0.341021	0.021559	0.00001	0.099229
0.257737	0.48626	0.00001	0.00001	0.00001	0.255973
0.25934	0.526212	0.00001	0.054794	0.00001	0.159634
0.153302	0.682973	0.038561	0.023423	0.00001	0.101731
0.00001	0.441252	0.558708	0.00001	0.00001	0.00001
0.278072	0.574961	0.00001	0.00001	0.00001	0.146937
0.256278	0.533642	0.005786	0.00001	0.047125	0.157159
0.158446	0.69727	0.00001	0.00001	0.00001	0.144253
0.133592	0.762958	0.00001	0.001704	0.00001	0.101726
0.311018	0.399173	0.00001	0.026368	0.00001	0.263421
0.074677	0.216468	0.028129	0.051878	0.005326	0.623521
0.246818	0.427425	0.020837	0.004555	0.009771	0.290593
0.292032	0.404248	0.021102	0.010266	0.000089	0.272264
0.2621	0.487386	0.004284	0.00001	0.00001	0.24621
0.173491	0.695488	0.00001	0.00001	0.00001	0.130991
0.140029	0.502476	0.00001	0.012503	0.00001	0.344972
0.244222	0.319207	0.057958	0.003447	0.178616	0.19655
0.307806	0.345266	0.00001	0.00001	0.346898	0.00001
0.161842	0.72712	0.00001	0.00001	0.00001	0.111008
0.123467	0.607524	0.00001	0.00001	0.00001	0.268978
0.284929	0.259704	0.081481	0.014477	0.194388	0.165021
0.209282	0.517648	0.016279	0.011408	0.013639	0.231743
0.122228	0.411764	0.00001	0.00001	0.465978	0.00001
0.125421	0.636375	0.00001	0.003443	0.00001	0.234741
0.204323	0.528201	0.029595	0.00001	0.00001	0.237862
0.232989	0.412682	0.026502	0.00001	0.00001	0.327807
0.242087	0.54849	0.00001	0.00001	0.00001	0.209393
0.271425	0.333789	0.394755	0.00001	0.00001	0.00001
0.230705	0.316741	0.00354	0.00001	0.397435	0.051568
0.205086	0.272475	0.172838	0.00001	0.193378	0.156213
0.235279	0.392382	0.004164	0.008026	0.00001	0.360138
0.251402	0.47935	0.000041	0.017572	0.00001	0.251625
0.250928	0.257665	0.400696	0.00001	0.00001	0.090691
0.312484	0.451481	0.00001	0.029993	0.00001	0.206021
0.259215	0.47461	0.00001	0.00001	0.00001	0.266144
0.137366	0.492124	0.142519	0.000207	0.005159	0.222626
0.221894	0.294812	0.035127	0.133984	0.106048	0.208135
0.271804	0.215238	0.24959	0.037127	0.00001	0.226231
0.172776	0.708685	0.00001	0.039598	0.00001	0.078921
0.357633	0.193871	0.00001	0.00001	0.00001	0.448467
0.269904	0.420465	0.00001	0.042604	0.00001	0.267007
0.157759	0.702788	0.00001	0.040553	0.00001	0.09888
0.281124	0.406444	0.000563	0.049847	0.022181	0.239841
0.278535	0.410367	0.044431	0.036747	0.003128	0.226791
0.188662	0.708291	0.00001	0.00001	0.00001	0.103017
0.102709	0.319806	0.03271	0.127311	0.148443	0.269021
0.186475	0.476038	0.002342	0.00001	0.191757	0.143378
0.26845	0.496103	0.00001	0.00001	0.00001	0.235417
0.102291	0.623297	0.00001	0.054913	0.00001	0.21948
0.291608	0.298784	0.022016	0.048269	0.00001	0.339313
0.212379	0.534647	0.00001	0.007231	0.004447	0.241287
0.199761	0.597882	0.00001	0.00001	0.00001	0.202327
0.081029	0.918931	0.00001	0.00001	0.00001	0.00001
0.230216	0.26334	0.007438	0.003419	0.412621	0.082966
0.184631	0.608962	0.00001	0.00001	0.00001	0.206377
0.207307	0.622537	0.00001	0.00001	0.00001	0.170125
0.089313	0.794348	0.00001	0.013945	0.00001	0.102374
0.125943	0.468045	0.008931	0.046263	0.00001	0.350808
0.079335	0.472738	0.00001	0.00001	0.00001	0.447897
0.21068	0.587962	0.00001	0.00001	0.00001	0.201327
0.368144	0.379638	0.00001	0.00001	0.00001	0.252187
0.179973	0.656	0.00001	0.001705	0.00001	0.162303
0.193622	0.580414	0.00001	0.004033	0.00001	0.221912
0.185861	0.102085	0.48073	0.00001	0.00001	0.231304
0.211375	0.37896	0.263319	0.001445	0.00001	0.14489
0.09435	0.282555	0.54042	0.024401	0.00001	0.058264
0.110074	0.483101	0.043357	0.023135	0.111983	0.228351
0.205714	0.690586	0.00001	0.004083	0.004186	0.095421
0.175665	0.510935	0.00001	0.00001	0.00001	0.31337
0.116816	0.294744	0.505702	0.00001	0.00001	0.082717
0.098459	0.646968	0.00045	0.00001	0.00001	0.254103
0.162848	0.377223	0.036201	0.047426	0.00001	0.376292
0.175449	0.481607	0.025185	0.004836	0.00001	0.312912
0.164378	0.235148	0.581636	0.00001	0.00001	0.018819
0.215412	0.550109	0.042529	0.027024	0.00001	0.164916
0.118925	0.618476	0.007734	0.004985	0.00001	0.249871
0.261038	0.602007	0.00001	0.00001	0.00001	0.136925
0.029466	0.823093	0.00001	0.00001	0.00001	0.147411
0.127196	0.560574	0.012704	0.089358	0.00001	0.210158
0.190195	0.723932	0.00001	0.032404	0.00001	0.053449
0.110164	0.490679	0.014801	0.064177	0.152848	0.167332
0.149092	0.278289	0.08654	0.088811	0.247619	0.14965
