0.00001	0.00001	0.99997	0.00001
0.021308	0.00001	0.89516	0.083523
0.00001	0.00001	0.99997	0.00001
0.00001	0.00001	0.99997	0.00001
0.00001	0.067881	0.932099	0.00001
0.00001	0.00001	0.99997	0.00001
0.00001	0.00001	0.99997	0.00001
0.007195	0.00001	0.814858	0.177937
0.00001	0.00001	0.99997	0.00001
0.010869	0.00001	0.959475	0.029646
0.00001	0.00001	0.99997	0.00001
0.00001	0.181916	0.818064	0.00001
0.00001	0.006675	0.993305	0.00001
0.00001	0.00001	0.99997	0.00001
0.00001	0.096137	0.903843	0.00001
0.00001	0.00001	0.99997	0.00001
0.034592	0.00001	0.965388	0.00001
0.00001	0.00001	0.99997	0.00001
0.00001	0.244667	0.755313	0.00001
0.00001	0.00001	0.955549	0.044431
0.022309	0.00001	0.909056	0.068626
0.008243	0.00001	0.991737	0.00001
0.00001	0.072947	0.927033	0.00001
0.00001	0.00001	0.99997	0.00001
0.018567	0.00001	0.809849	0.171574
0.00001	0.00001	0.99997	0.00001
0.00001	0.00001	0.99997	0.00001
0.00001	0.00001	0.998625	0.001355
0.00001	0.00001	0.99997	0.00001
0.00001	0.00001	0.977615	0.022365
0.007659	0.00001	0.912843	0.079488
0.00001	0.00001	0.99997	0.00001
0.00001	0.00001	0.99997	0.00001
0.00001	0.00001	0.99997	0.00001
0.00001	0.00001	0.99997	0.00001
0.00001	0.00001	0.99997	0.00001
0.00001	0.00001	0.99997	0.00001
0.002066	0.00001	0.942499	0.055425
0.050146	0.00001	0.919709	0.030135
0.00001	0.00001	0.99997	0.00001
0.00001	0.218092	0.781888	0.00001
0.00001	0.00001	0.99997	0.00001
0.001752	0.00001	0.998228	0.00001
0.00001	0.150058	0.849922	0.00001
0.00001	0.00001	0.921797	0.078183
0.00001	0.00001	0.99997	0.00001
0.023484	0.00001	0.966826	0.00968
0.00001	0.00001	0.99997	0.00001
0.00001	0.00001	0.997708	0.002272
0.00001	0.039216	0.960764	0.00001
0.00001	0.00001	0.99997	0.00001
0.000126	0.00001	0.981938	0.017926
0.00001	0.00001	0.99997	0.00001
0.00001	0.00001	0.99997	0.00001
0.00001	0.03379	0.949144	0.017056
0.00001	0.00001	0.99997	0.00001
0.00001	0.00001	0.99997	0.00001
0.005212	0.00001	0.889716	0.105062
0.00001	0.00001	0.99997	0.00001
0.013526	0.00001	0.986454	0.00001
0.00001	0.00001	0.99997	0.00001
0.00001	0.00001	0.99997	0.00001
0.00001	0.00001	0.99997	0.00001
0.00001	0.00001	0.99997	0.00001
0.036437	0.00001	0.794277	0.169275
0.024552	0.00001	0.884199	0.091239
0.00001	0.096785	0.903195	0.00001
0.006716	0.00001	0.989077	0.004198
0.00001	0.47698	0.523	0.00001
0.00001	0.00001	0.99997	0.00001
0.006078	0.00001	0.916354	0.077558
0.00001	0.00001	0.99997	0.00001
0.00001	0.00001	0.99997	0.00001
0.00001	0.00001	0.99997	0.00001
0.009594	0.00001	0.990386	0.00001
0.00001	0.00001	0.99997	0.00001
0.00001	0.00001	0.99997	0.00001
0.000013	0.00001	0.999967	0.00001
0.00001	0.00001	0.99997	0.00001
0.026192	0.00001	0.83004	0.143758
0.00001	0.00001	0.99997	0.00001
0.00001	0.00001	0.99997	0.00001
0.00001	0.00001	0.99997	0.00001
0.00001	0.00001	0.99997	0.00001
0.017878	0.00001	0.906012	0.0761
0.00001	0.00001	0.958489	0.041491
0.00001	0.00001	0.99997	0.00001
0.00001	0.00001	0.99997	0.00001
0.13324	0.00001	0.754132	0.112619
0.00001	0.00001	0.989515	0.010465
0.002948	0.00001	0.979145	0.017897
0.031527	0.00001	0.853159	0.115304
0.00001	0.00001	0.99997	0.00001
0.00001	0.00001	0.99997	0.00001
0.00001	0.214518	0.785462	0.00001
0.00001	0.00001	0.99997	0.00001
0.00001	0.00001	0.993434	0.006546
0.00001	0.00001	0.99997	0.00001
0.00001	0.00001	0.99997	0.00001
0.112653	0.00001	0.734282	0.153056
0.00001	0.00001	0.99997	0.00001
0.00001	0.00001	0.99997	0.00001
0.00001	0.00001	0.99997	0.00001
0.00001	0.00001	0.99997	0.00001
0.839462	0.00001	0.00001	0.160518
0.716839	0.248826	0.034325	0.00001
0.90615	0.00001	0.00001	0.09383
0.71838	0.259556	0.022054	0.00001
0.682824	0.00001	0.08425	0.232915
0.698383	0.278531	0.023075	0.00001
0.636938	0.363042	0.00001	0.00001
0.695581	0.304399	0.00001	0.00001
0.746	0.25398	0.00001	0.00001
0.78981	0.00001	0.047634	0.162546
0.79803	0.00001	0.011739	0.190221
0.781933	0.057699	0.073369	0.086999
0.773526	0.184503	0.041962	0.00001
0.732619	0.238146	0.029226	0.00001
0.785851	0.105485	0.062898	0.045767
0.776737	0.00001	0.00621	0.217043
0.790214	0.00001	0.020485	0.189291
0.508612	0.385123	0.026837	0.079428
0.719491	0.266416	0.014083	0.00001
0.723534	0.160971	0.078956	0.03654
0.732568	0.234229	0.033193	0.00001
0.820926	0.008843	0.009887	0.160344
0.790862	0.089016	0.059185	0.060937
0.80314	0.00001	0.029221	0.167629
0.737393	0.262587	0.00001	0.00001
0.741125	0.196959	0.061906	0.00001
0.559244	0.429333	0.00001	0.011412
0.678119	0.321861	0.00001	0.00001
0.812604	0.039064	0.015729	0.132603
0.763634	0.236346	0.00001	0.00001
0.824914	0.00001	0.00001	0.175066
0.792782	0.00001	0.00001	0.207198
0.781907	0.00001	0.000857	0.217225
0.777007	0.013744	0.039682	0.169567
0.751609	0.189935	0.058446	0.00001
0.697403	0.251598	0.050989	0.00001
0.779503	0.016964	0.055314	0.148219
0.788145	0.209027	0.002818	0.00001
0.778667	0.00001	0.013339	0.207984
0.820428	0.00001	0.068888	0.110674
0.682965	0.308556	0.008469	0.00001
0.765495	0.061916	0.047485	0.125104
0.794394	0.00001	0.062024	0.143572
0.77016	0.222258	0.007572	0.00001
0.643376	0.356604	0.00001	0.00001
0.821707	0.00001	0.001299	0.176984
0.702444	0.291419	0.006128	0.00001
0.680629	0.300908	0.018453	0.00001
0.640782	0.018698	0.00001	0.34051
0.680342	0.302046	0.017602	0.00001
0.683994	0.000734	0.049464	0.265808
0.820361	0.00001	0.009023	0.170606
0.733879	0.266101	0.00001	0.00001
0.792848	0.027185	0.004783	0.175184
0.800785	0.006151	0.079441	0.113623
0.736602	0.258919	0.004469	0.00001
0.791622	0.043255	0.051334	0.113788
0.68458	0.315075	0.000335	0.00001
0.624924	0.375056	0.00001	0.00001
0.743329	0.210804	0.045857	0.00001
0.651727	0.348253	0.00001	0.00001
0.728387	0.197284	0.074319	0.00001
0.708357	0.017387	0.037953	0.236303
0.78577	0.00001	0.00476	0.20946
0.739976	0.185813	0.074201	0.00001
0.812029	0.010642	0.027505	0.149824
0.797973	0.014252	0.075897	0.111878
0.637873	0.328488	0.03363	0.00001
0.68916	0.31082	0.00001	0.00001
0.725431	0.270744	0.003815	0.00001
0.711888	0.280135	0.007967	0.00001
0.744511	0.078485	0.019526	0.157478
0.739755	0.00001	0.044992	0.215243
0.780729	0.00001	0.00001	0.219251
0.79437	0.143477	0.062143	0.00001
0.720456	0.235432	0.044102	0.00001
0.772763	0.066766	0.041775	0.118697
0.804899	0.005428	0.058216	0.131457
0.754297	0.012973	0.044514	0.188216
0.754504	0.136664	0.050904	0.057929
0.80971	0.00001	0.022643	0.167637
0.76347	0.157665	0.078855	0.00001
0.732847	0.206384	0.060759	0.00001
0.713885	0.260166	0.025939	0.00001
0.776533	0.00001	0.012285	0.211172
0.779074	0.170844	0.050072	0.00001
0.699889	0.274388	0.025713	0.00001
0.755166	0.062389	0.052864	0.129581
0.736192	0.260913	0.002885	0.00001
0.679859	0.312464	0.007667	0.00001
0.741067	0.191371	0.067552	0.00001
0.666653	0.333327	0.00001	0.00001
0.753242	0.073184	0.081202	0.092372
0.73398	0.028126	0.02074	0.217155
0.754245	0.021525	0.071739	0.152492
0.754903	0.220053	0.025034	0.00001
0.811551	0.00001	0.03681	0.151629
0.786398	0.011338	0.047739	0.154525
0.700558	0.271568	0.027864	0.00001
0.924552	0.00001	0.028201	0.047238
0.912408	0.042082	0.00001	0.0455
0.944536	0.00001	0.018528	0.036926
0.857186	0.00001	0.011163	0.131641
0.907379	0.00001	0.00001	0.092601
0.924484	0.00001	0.053495	0.022011
0.902374	0.00001	0.028757	0.068859
0.922092	0.00001	0.00001	0.077888
0.887738	0.00001	0.00001	0.112242
0.881793	0.00001	0.031533	0.086665
0.969096	0.00001	0.010786	0.020108
0.922885	0.00001	0.010529	0.066576
0.925885	0.074095	0.00001	0.00001
0.890757	0.00001	0.041946	0.067287
0.948922	0.00001	0.00001	0.051058
0.92903	0.00001	0.00001	0.07095
0.895987	0.00001	0.013302	0.090701
0.766443	0.00001	0.00001	0.233537
0.920637	0.00001	0.00001	0.079343
0.912192	0.087788	0.00001	0.00001
0.926824	0.00001	0.00001	0.073156
0.797734	0.202246	0.00001	0.00001
0.807736	0.192244	0.00001	0.00001
0.899286	0.00001	0.014601	0.086103
0.964851	0.00001	0.035129	0.00001
0.814651	0.185329	0.00001	0.00001
0.90048	0.006204	0.072369	0.020947
0.934318	0.00001	0.002126	0.063546
0.926665	0.00001	0.003333	0.069992
0.917983	0.009197	0.04162	0.031201
0.871244	0.00001	0.006265	0.122481
0.822289	0.177691	0.00001	0.00001
0.929292	0.00001	0.00001	0.070688
0.91615	0.00001	0.023031	0.060809
0.782615	0.217365	0.00001	0.00001
0.87702	0.086521	0.036449	0.00001
0.888244	0.043696	0.031268	0.036793
0.93865	0.00001	0.00001	0.06133
0.925756	0.00001	0.00001	0.074224
0.902497	0.00001	0.015412	0.082081
0.868941	0.031271	0.045695	0.054094
0.882904	0.00001	0.00001	0.117076
0.912009	0.00001	0.00001	0.087971
0.930685	0.00001	0.00001	0.069295
0.860672	0.139308	0.00001	0.00001
0.845876	0.00001	0.00001	0.154104
0.966164	0.00001	0.001763	0.032063
0.899154	0.023393	0.017265	0.060188
0.80753	0.00001	0.02643	0.16603
0.865704	0.001616	0.016957	0.115723
0.927791	0.00001	0.025916	0.046283
0.874689	0.001691	0.059327	0.064293
0.917806	0.00001	0.00001	0.082174
0.839665	0.00001	0.058545	0.101779
0.93391	0.00001	0.00001	0.06607
0.913551	0.00001	0.029246	0.057193
0.925351	0.00001	0.008778	0.065861
0.927175	0.00001	0.021122	0.051693
0.895064	0.00001	0.005494	0.099432
0.854484	0.00001	0.050672	0.094834
0.910529	0.00001	0.031418	0.058043
0.910351	0.00001	0.00001	0.089629
0.786552	0.213428	0.00001	0.00001
0.905143	0.00001	0.016724	0.078123
0.871012	0.00001	0.007202	0.121776
0.948769	0.00001	0.04208	0.009141
0.904276	0.00001	0.00001	0.095704
0.859196	0.130987	0.00001	0.009807
0.91247	0.00001	0.0073	0.08022
0.733377	0.266603	0.00001	0.00001
0.789782	0.210198	0.00001	0.00001
0.761311	0.238669	0.00001	0.00001
0.910101	0.00001	0.00001	0.089879
0.417184	0.223628	0.07609	0.283098
0.837888	0.162092	0.00001	0.00001
0.922839	0.013486	0.00001	0.063666
0.736014	0.263966	0.00001	0.00001
0.864366	0.135614	0.00001	0.00001
0.926762	0.00001	0.000743	0.072485
0.827179	0.172801	0.00001	0.00001
0.900116	0.063534	0.020991	0.015359
0.840414	0.159566	0.00001	0.00001
0.942642	0.00001	0.00001	0.057338
0.779737	0.00001	0.00001	0.220243
0.822311	0.00001	0.031461	0.146218
0.921651	0.00001	0.00001	0.078329
0.885198	0.087357	0.006031	0.021414
0.894953	0.00001	0.065055	0.039982
0.874216	0.030561	0.095213	0.00001
0.956613	0.00001	0.00001	0.043367
0.924445	0.017632	0.00001	0.057912
0.938668	0.00001	0.00001	0.061312
0.89385	0.00001	0.00001	0.10613
0.595049	0.00001	0.022613	0.382328
0.591468	0.00001	0.002804	0.405718
0.532993	0.143047	0.000614	0.323347
0.510489	0.222511	0.00001	0.26699
0.587413	0.00001	0.00001	0.412567
0.535781	0.00001	0.004483	0.459725
0.547768	0.00001	0.00001	0.452212
0.52305	0.00001	0.00001	0.47693
0.441606	0.422495	0.028533	0.107367
0.554292	0.209569	0.017213	0.218925
0.534394	0.00001	0.00001	0.465586
0.570692	0.00001	0.00001	0.429288
0.58513	0.00001	0.00001	0.41485
0.524863	0.00001	0.00001	0.475117
0.553205	0.00001	0.00001	0.446775
0.56185	0.00001	0.00001	0.43813
0.471459	0.371199	0.00001	0.157332
0.554255	0.00001	0.00001	0.445725
0.552514	0.071189	0.049861	0.326436
0.539373	0.00001	0.010619	0.449999
0.548957	0.055427	0.001141	0.394476
0.527731	0.00001	0.00001	0.472249
0.54343	0.00001	0.021855	0.434705
0.606699	0.00001	0.00001	0.393281
0.541415	0.00001	0.00001	0.458565
0.491608	0.503134	0.00001	0.005248
0.566699	0.00001	0.00001	0.433281
0.571422	0.132844	0.00001	0.295724
0.390012	0.00001	0.00001	0.609968
0.42008	0.00001	0.016345	0.563565
0.347492	0.161254	0.006588	0.484665
0.400379	0.00001	0.00001	0.599601
0.406321	0.143398	0.00001	0.450271
0.402171	0.00001	0.001999	0.59582
0.507075	0.00001	0.015881	0.477034
0.42224	0.00001	0.00001	0.57774
0.349634	0.381387	0.007858	0.261122
0.422741	0.00001	0.00001	0.577239
0.393185	0.00001	0.035381	0.571424
0.369151	0.00001	0.00001	0.630829
0.391773	0.00001	0.042643	0.565574
0.399224	0.00001	0.002284	0.598482
0.36771	0.00001	0.069574	0.562707
0.421596	0.035942	0.008205	0.534256
0.321391	0.426187	0.033959	0.218463
0.300775	0.00001	0.041305	0.65791
0.433815	0.00001	0.00001	0.566165
0.367213	0.00001	0.024384	0.608393
0.409936	0.00001	0.00001	0.590044
0.388465	0.003297	0.038941	0.569297
0.023711	0.39067	0.099716	0.485903
0.444096	0.00001	0.00902	0.546874
0.389031	0.00001	0.02118	0.589779
0.389232	0.008888	0.001739	0.600142
0.504838	0.217565	0.037588	0.240009
0.312842	0.213523	0.019435	0.4542
0.251837	0.60013	0.013304	0.134729
0.338689	0.260294	0.00001	0.401006
0.356161	0.196411	0.046227	0.401201
0.423398	0.00001	0.032712	0.54388
0.2758	0.422269	0.127733	0.174197
0.297328	0.403547	0.022565	0.27656
0.400689	0.00001	0.005786	0.593515
0.443504	0.045802	0.054147	0.456548
0.354684	0.371302	0.00001	0.274004
0.403538	0.00001	0.00001	0.596442
0.424574	0.111813	0.00001	0.463603
0.381893	0.210809	0.00001	0.407288
0.392934	0.041954	0.059633	0.505479
0.445995	0.00001	0.00001	0.553985
0.4151	0.00001	0.00001	0.58488
0.316145	0.282753	0.047182	0.35392
0.422083	0.00001	0.001079	0.576828
0.44856	0.00001	0.00001	0.55142
0.371412	0.039421	0.00001	0.589158
0.421854	0.00001	0.00001	0.578126
0.455238	0.00001	0.00001	0.544742
0.412155	0.00001	0.00001	0.587825
0.324132	0.393638	0.00001	0.28222
0.351032	0.399953	0.00001	0.249005
0.355864	0.224879	0.00001	0.419248
0.400112	0.00001	0.019253	0.580626
0.447759	0.00001	0.013	0.539231
0.38913	0.00001	0.00001	0.61085
0.418207	0.00001	0.00001	0.581773
0.411476	0.108253	0.026016	0.454255
0.396697	0.001631	0.00001	0.601661
0.446433	0.00001	0.00001	0.553547
0.427651	0.00001	0.00001	0.572329
0.412886	0.00001	0.00001	0.587094
0.383822	0.115597	0.100187	0.400394
0.41723	0.00001	0.00001	0.58275
0.471679	0.00001	0.004373	0.523938
0.390856	0.00001	0.034313	0.574821
0.436138	0.00001	0.058191	0.505661
0.337028	0.405263	0.00001	0.257699
0.429897	0.06938	0.004972	0.495751
0.333127	0.404211	0.00001	0.262652
0.436529	0.014708	0.00001	0.548753
0.411768	0.00001	0.008583	0.579639
0.397455	0.00001	0.00001	0.602525
0.436737	0.00001	0.055611	0.507642
0.436246	0.083283	0.0521	0.428371
0.394526	0.00001	0.005286	0.600178
0.40227	0.066694	0.073531	0.457505
0.086887	0.057842	0.136007	0.719264
0.00001	0.622706	0.02126	0.356024
0.240024	0.432842	0.051264	0.27587
0.245427	0.242555	0.016767	0.495252
0.132144	0.00001	0.096678	0.771168
0.518762	0.00001	0.00001	0.481218
0.084444	0.07168	0.088636	0.755241
0.00001	0.605501	0.113773	0.280716
0.057335	0.073652	0.090959	0.778054
0.242528	0.413945	0.00001	0.343516
0.294727	0.040897	0.041455	0.622922
0.091125	0.049289	0.099307	0.760279
0.027879	0.393529	0.13302	0.445572
0.200465	0.00001	0.025346	0.774179
0.123775	0.00001	0.032886	0.84333
0.476403	0.00001	0.014463	0.509124
0.243902	0.53459	0.019353	0.202156
0.337219	0.00001	0.00001	0.662761
0.481471	0.003975	0.01564	0.498914
0.080685	0.00001	0.108335	0.810969
0.346887	0.00001	0.030721	0.622381
0.203965	0.00001	0.110004	0.686021
0.364225	0.364402	0.00001	0.271363
0.29892	0.06158	0.033081	0.60642
0.448698	0.240327	0.015732	0.295242
0.284071	0.00001	0.00001	0.715909
0.599752	0.394415	0.00001	0.005823
0.359666	0.00001	0.042248	0.598076
0.00001	0.496223	0.098912	0.404855
0.084616	0.225302	0.058845	0.631237
0.0223	0.723822	0.125566	0.128312
0.00001	0.569964	0.084547	0.345478
0.1756	0.228845	0.036031	0.559524
0.090665	0.00001	0.101917	0.807407
0.062884	0.184254	0.10321	0.649652
0.023331	0.453454	0.123468	0.399747
0.087733	0.00001	0.137749	0.774509
0.339436	0.46259	0.020075	0.1779
0.36264	0.00001	0.025088	0.612262
0.055158	0.425827	0.053241	0.465774
0.10932	0.504147	0.025748	0.360785
0.106182	0.106553	0.098265	0.689
0.009684	0.364808	0.10345	0.522057
0.119821	0.00001	0.077466	0.802703
0.171765	0.062238	0.152579	0.613418
0.053265	0.268952	0.066555	0.611228
0.065237	0.127479	0.102117	0.705167
0.443594	0.00001	0.00001	0.556386
0.111646	0.00001	0.066156	0.822188
0.233117	0.294385	0.005307	0.467192
0.078677	0.186058	0.120588	0.614678
0.018234	0.276571	0.095737	0.609458
0.060931	0.17211	0.080117	0.686841
0.052222	0.208424	0.090262	0.649091
0.054369	0.110756	0.095394	0.739481
0.108261	0.356039	0.056338	0.479362
0.096988	0.043205	0.113497	0.74631
0.289241	0.550796	0.008197	0.151766
0.385379	0.011951	0.100749	0.501921
0.095425	0.020012	0.159791	0.724772
0.235366	0.00001	0.039164	0.725461
0.06532	0.052673	0.08352	0.798487
0.384816	0.00001	0.00001	0.615164
0.093117	0.085211	0.121876	0.699797
0.374731	0.150825	0.085624	0.388821
0.364982	0.00001	0.00001	0.634998
0.00001	0.724851	0.043312	0.231827
0.034273	0.370576	0.102382	0.492769
0.425197	0.00001	0.018125	0.556668
0.016782	0.437054	0.044824	0.50134
0.031272	0.217228	0.144798	0.606701
0.071324	0.154509	0.12035	0.653817
0.1054	0.04377	0.126305	0.724525
0.361621	0.179939	0.035621	0.422819
0.201779	0.35241	0.02437	0.421441
0.107978	0.00001	0.095584	0.796429
0.019662	0.402527	0.0983	0.47951
0.33671	0.000205	0.071066	0.592019
0.095971	0.350825	0.187536	0.365668
0.320062	0.00001	0.00001	0.679918
0.674999	0.00001	0.00001	0.324981
0.352442	0.414084	0.022047	0.211426
0.014196	0.356108	0.118119	0.511576
0.068005	0.238516	0.088818	0.60466
0.04391	0.360571	0.083864	0.511654
0.398388	0.00001	0.038172	0.56343
0.053028	0.270712	0.174981	0.501279
0.435461	0.00001	0.00001	0.564519
0.030614	0.38874	0.065212	0.515433
0.050527	0.222956	0.100386	0.626131
0.060361	0.00001	0.15588	0.78375
0.00001	0.498977	0.097325	0.403688
0.21491	0.00001	0.0554	0.72968
0.324987	0.00001	0.013365	0.661638
0.059299	0.226055	0.14112	0.573526
0.064469	0.377746	0.053058	0.504727
0.407766	0.00001	0.00001	0.592214
0.12878	0.544264	0.070155	0.256801
0.108899	0.00001	0.065734	0.825357
0.068007	0.199955	0.0684	0.663638
0.06008	0.179757	0.080695	0.679468
0.318756	0.52147	0.00001	0.159765
0.204783	0.161936	0.101963	0.531318
0.627823	0.00001	0.00001	0.372157
0.687713	0.00001	0.029512	0.282765
0.667837	0.00001	0.002689	0.329464
0.569489	0.025926	0.047451	0.357134
0.52413	0.47585	0.00001	0.00001
0.707025	0.00001	0.00001	0.292955
0.653642	0.052802	0.037423	0.256134
0.659318	0.00001	0.00917	0.331502
0.634171	0.00001	0.022144	0.343674
0.688627	0.00001	0.00001	0.311353
0.73324	0.00001	0.00001	0.26674
0.663743	0.00001	0.00001	0.336237
0.638559	0.050299	0.015417	0.295724
0.662658	0.00001	0.030861	0.306471
0.652309	0.00001	0.017527	0.330154
0.729991	0.00001	0.001339	0.26866
0.520997	0.442286	0.00001	0.036707
0.731734	0.00001	0.00001	0.268246
0.6833	0.00001	0.00001	0.31668
0.670862	0.00001	0.033725	0.295403
0.703986	0.00001	0.00001	0.295994
0.717938	0.282042	0.00001	0.00001
0.661831	0.277883	0.00001	0.060276
0.624003	0.375977	0.00001	0.00001
0.741584	0.00001	0.00001	0.258396
0.500779	0.002717	0.039159	0.457345
0.444852	0.467526	0.023561	0.064061
0.454818	0.323027	0.017766	0.204389
0.646591	0.00001	0.00001	0.353389
0.594082	0.36846	0.037119	0.000339
0.697846	0.091998	0.00001	0.210146
0.684354	0.00001	0.02224	0.293396
0.703683	0.037021	0.008321	0.250974
0.700054	0.273225	0.026711	0.00001
0.350207	0.228435	0.05	0.371358
0.753392	0.00001	0.021651	0.224947
0.553174	0.357928	0.00001	0.088888
0.578435	0.048826	0.044405	0.328334
0.544456	0.00001	0.00001	0.455524
0.695471	0.264181	0.039894	0.000455
0.799248	0.00001	0.016885	0.183857
0.746449	0.253531	0.00001	0.00001
0.848683	0.00001	0.00001	0.151297
0.763211	0.00001	0.000798	0.235981
0.739052	0.004071	0.00001	0.256867
0.86055	0.00001	0.005706	0.133733
0.601868	0.00001	0.00001	0.398112
0.766704	0.034967	0.00001	0.198319
0.717821	0.282159	0.00001	0.00001
0.791355	0.00001	0.00001	0.208625
0.719012	0.00001	0.00001	0.280968
0.804162	0.00001	0.00001	0.195818
0.658258	0.00001	0.00001	0.341722
0.481103	0.00001	0.00001	0.518877
0.748993	0.01681	0.00001	0.234187
0.61292	0.051333	0.00001	0.335737
0.765237	0.015844	0.043332	0.175587
0.676943	0.323037	0.00001	0.00001
0.764144	0.00001	0.00001	0.235836
0.774954	0.061604	0.025237	0.138205
0.706029	0.127708	0.060434	0.105829
0.891485	0.00001	0.02266	0.085844
0.729521	0.270459	0.00001	0.00001
0.656696	0.026194	0.009299	0.307811
0.160194	0.015631	0.049813	0.774362
0.590693	0.01736	0.00001	0.391936
0.549668	0.450312	0.00001	0.00001
0.470682	0.00001	0.00001	0.529298
0.336156	0.43541	0.002384	0.226049
0.654887	0.00001	0.009712	0.335392
0.662326	0.00001	0.00001	0.337654
0.596344	0.067775	0.027753	0.308128
0.356288	0.373598	0.039377	0.230736
0.508151	0.00001	0.00001	0.491829
0.454536	0.012303	0.00001	0.533151
0.694063	0.00001	0.00001	0.305917
0.358475	0.337426	0.00001	0.304089
0.384595	0.00001	0.00001	0.615385
0.437436	0.00001	0.00001	0.562544
0.405842	0.459863	0.00001	0.134285
0.630803	0.00001	0.00001	0.369177
0.564271	0.00001	0.00001	0.435709
0.476798	0.117528	0.00001	0.405664
0.449939	0.00001	0.062992	0.487059
0.413301	0.00001	0.058244	0.528445
0.677162	0.059401	0.02373	0.239707
0.636417	0.00001	0.00001	0.363563
0.612603	0.052764	0.031103	0.30353
0.612631	0.224956	0.010488	0.151925
0.448034	0.00001	0.00001	0.551946
0.6745	0.00001	0.00001	0.32548
0.592956	0.407024	0.00001	0.00001
0.60198	0.111285	0.00001	0.286725
0.61795	0.00001	0.00001	0.38203
0.382144	0.058066	0.055317	0.504473
0.586302	0.00001	0.00001	0.413678
0.254362	0.072105	0.0439	0.629633
0.38642	0.011823	0.00001	0.601747
0.551238	0.21397	0.076967	0.157826
0.501639	0.00001	0.00001	0.498341
0.526967	0.00001	0.00001	0.473013
0.407786	0.119943	0.127903	0.344368
0.73054	0.00001	0.000358	0.269092
0.408788	0.00001	0.00001	0.591192
0.561523	0.220586	0.085903	0.131988
0.430269	0.044558	0.072131	0.453042
0.426743	0.00001	0.032728	0.540519
0.434696	0.126028	0.008047	0.431228
0.352329	0.00001	0.063428	0.584233
0.443851	0.00001	0.00001	0.556129
0.506105	0.00001	0.00001	0.493875
0.456655	0.018012	0.058354	0.466978
0.377772	0.038765	0.030845	0.552619
0.363664	0.370673	0.043193	0.22247
0.335543	0.199425	0.00001	0.465022
0.416232	0.076353	0.00001	0.507404
0.449568	0.00001	0.00001	0.550412
0.395754	0.00001	0.006739	0.597497
0.47897	0.00001	0.00001	0.52101
0.242714	0.00001	0.020582	0.736694
0.438202	0.177692	0.008451	0.375654
0.188937	0.00001	0.111804	0.699248
0.377347	0.160673	0.029809	0.432172
0.332865	0.01304	0.019773	0.634321
0.37996	0.00001	0.018095	0.601936
0.419505	0.00001	0.00001	0.580475
0.327469	0.00001	0.00001	0.672511
0.378582	0.621398	0.00001	0.00001
0.343705	0.182616	0.00001	0.47367
0.208936	0.529943	0.034361	0.22676
0.387782	0.00001	0.00001	0.612198
0.341498	0.308281	0.00001	0.35021
0.51447	0.00001	0.00001	0.48551
0.475273	0.00001	0.00001	0.524707
0.404381	0.002988	0.006901	0.58573
0.416293	0.02465	0.031352	0.527705
0.378258	0.00001	0.021881	0.599851
0.393364	0.00001	0.00001	0.606616
0.429135	0.00001	0.00001	0.570845
0.407912	0.088342	0.035188	0.468558
0.357472	0.00001	0.03278	0.609738
0.450258	0.00001	0.00001	0.549722
0.331358	0.496402	0.019802	0.152438
0.339753	0.339909	0.00001	0.320328
0.300525	0.00001	0.025936	0.673529
0.141092	0.036385	0.082007	0.740516
0.3935	0.00001	0.00001	0.60648
0.385514	0.00001	0.029389	0.585087
0.337706	0.00001	0.00001	0.662274
0.427016	0.00001	0.007207	0.565767
0.439554	0.00001	0.00001	0.560426
0.397376	0.011496	0.050299	0.54083
0.311385	0.154588	0.037617	0.496409
0.359038	0.00001	0.00001	0.640942
0.358936	0.339331	0.008866	0.292867
0.412191	0.00001	0.000834	0.586965
0.334905	0.28549	0.01986	0.359745
0.310576	0.378981	0.00001	0.310434
0.462822	0.00001	0.009696	0.527472
0.308883	0.29642	0.00001	0.394687
0.394532	0.114128	0.013966	0.477373
0.376344	0.055522	0.046187	0.521947
0.558785	0.005571	0.00001	0.435634
0.376278	0.190011	0.018449	0.415262
0.300437	0.00001	0.05158	0.647973
0.482123	0.00001	0.00001	0.517857
0.398544	0.00001	0.00001	0.601436
0.443817	0.00001	0.034314	0.521859
0.39017	0.00001	0.023787	0.586033
0.451475	0.00001	0.003	0.545515
0.337058	0.22644	0.047121	0.389381
0.400246	0.407311	0.008896	0.183547
0.443421	0.00001	0.00001	0.556559
0.32499	0.00001	0.00001	0.67499
0.430212	0.086737	0.008446	0.474605
0.443349	0.026709	0.00001	0.529933
0.380465	0.00001	0.036199	0.583327
0.42191	0.00001	0.00001	0.57807
0.396452	0.00001	0.003374	0.600164
0.459357	0.00001	0.017535	0.523098
0.436256	0.00001	0.006254	0.557479
0.256341	0.209276	0.020974	0.513408
0.396712	0.411775	0.00001	0.191503
0.31745	0.182927	0.004912	0.494711
0.32317	0.00001	0.020543	0.656277
0.436474	0.00001	0.007633	0.555883
0.660344	0.076278	0.00001	0.263369
0.419381	0.00001	0.00001	0.580599
0.380711	0.00001	0.012601	0.606677
0.316237	0.44923	0.00001	0.234523
0.390862	0.01876	0.040471	0.549906
0.389663	0.00001	0.040842	0.569485
0.399667	0.156219	0.00001	0.444104
0.429646	0.07292	0.00001	0.497423
0.122277	0.402562	0.002851	0.47231
0.361411	0.29669	0.024507	0.317392
0.42266	0.00001	0.00001	0.57732
0.459307	0.00001	0.04957	0.491113
0.437501	0.00001	0.00732	0.55517
0.268153	0.483668	0.00001	0.248169
0.491664	0.00001	0.00001	0.508316
0.458752	0.042563	0.00001	0.498675
0.422174	0.00001	0.00001	0.577806
0.41859	0.00001	0.00001	0.58139
0.447199	0.00001	0.029627	0.523163
0.0927	0.066895	0.096139	0.744266
0.395642	0.024293	0.015565	0.5645
0.427456	0.0352	0.023683	0.51366
0.434927	0.00001	0.00001	0.565053
0.426409	0.00001	0.00001	0.573571
0.302946	0.00001	0.020292	0.676753
0.365219	0.245627	0.015723	0.373431
0.458969	0.365042	0.00001	0.17598
0.432826	0.00001	0.00001	0.567154
0.322255	0.00001	0.00001	0.677725
0.389131	0.248802	0.025535	0.336532
0.387185	0.038304	0.040276	0.534235
0.316609	0.427184	0.00001	0.256197
0.342629	0.00001	0.00001	0.657351
0.402335	0.00001	0.00001	0.597645
0.376208	0.00001	0.003523	0.620259
0.438192	0.00001	0.00001	0.561788
0.531947	0.412723	0.00001	0.05532
0.347336	0.394101	0.010367	0.248196
0.334252	0.340774	0.00001	0.324964
0.360998	0.00001	0.024197	0.614795
0.419762	0.00001	0.019982	0.560246
0.433563	0.321687	0.00001	0.24474
0.472831	0.00001	0.026907	0.500252
0.423694	0.00001	0.00001	0.576286
0.346314	0.100126	0.011576	0.541984
0.324489	0.153857	0.146055	0.3756
0.374744	0.308906	0.048456	0.267895
0.452767	0.00001	0.014702	0.532521
0.396729	0.00001	0.011067	0.592195
0.416666	0.00001	0.050977	0.532347
0.420422	0.00001	0.024395	0.555173
0.415622	0.039248	0.064801	0.480329
0.426137	0.048998	0.059569	0.465296
0.452505	0.00001	0.00001	0.547475
0.202064	0.169094	0.140337	0.488505
0.358749	0.19874	0.00001	0.442502
0.437984	0.00001	0.00001	0.561996
0.318707	0.00001	0.047188	0.634095
0.391718	0.00001	0.071245	0.537028
0.399036	0.00001	0.00713	0.593824
0.417177	0.00001	0.00001	0.582803
0.440087	0.00001	0.00001	0.559893
0.321736	0.421861	0.0147	0.241702
0.39821	0.00001	0.00001	0.60177
0.433049	0.00001	0.00001	0.566931
0.388683	0.00001	0.00001	0.611297
0.277994	0.00001	0.051177	0.670819
0.203248	0.00001	0.005734	0.791009
0.424739	0.00001	0.00001	0.575241
0.501221	0.00001	0.00001	0.498759
0.415321	0.00001	0.00001	0.584659
0.403291	0.00001	0.002913	0.593786
0.30492	0.417082	0.00001	0.277988
0.400283	0.23728	0.001762	0.360675
0.318972	0.445318	0.01556	0.220151
0.28302	0.136935	0.032323	0.547722
0.466508	0.00001	0.00001	0.533472
0.345431	0.00001	0.00001	0.654549
0.328168	0.447961	0.00001	0.223862
0.324561	0.00001	0.00001	0.675419
0.274948	0.061163	0.07747	0.586419
0.341851	0.00001	0.01031	0.647829
0.382352	0.47438	0.00001	0.143258
0.432236	0.001306	0.044911	0.521547
0.337157	0.00001	0.000821	0.662012
0.484778	0.00001	0.00001	0.515202
0.330684	0.00001	0.00001	0.669296
0.332769	0.00992	0.098011	0.5593
0.466057	0.00001	0.01724	0.516693
0.284889	0.14915	0.067216	0.498745
0.256139	0.305706	0.099125	0.339031
0.430418	0.00001	0.00001	0.569562
0.39566	0.447173	0.00001	0.157157
0.372837	0.29791	0.031843	0.29741
0.39745	0.417228	0.011065	0.174257
0.486056	0.00001	0.027907	0.486027
0.29476	0.00001	0.083735	0.621494
0.172819	0.434451	0.010119	0.382611
0.29557	0.102464	0.147438	0.454528
0.432726	0.00001	0.00001	0.567254
0.33486	0.001102	0.00001	0.664028
0.33658	0.00001	0.002497	0.660913
0.340993	0.020475	0.069069	0.569463
0.458263	0.068716	0.00001	0.473012
0.421777	0.00001	0.00001	0.578203
0.466542	0.00001	0.019992	0.513456
0.286619	0.065936	0.022761	0.624683
0.400159	0.372836	0.00001	0.226995
0.491928	0.00001	0.001696	0.506366
0.441745	0.00001	0.00001	0.558235
0.472512	0.00001	0.030012	0.497466
0.423665	0.223346	0.00001	0.352979
0.410013	0.00001	0.005803	0.584174
0.342544	0.257111	0.00001	0.400335
0.249788	0.518606	0.038842	0.192764
0.459034	0.025632	0.029296	0.486038
0.50729	0.00001	0.00001	0.49269
0.315859	0.007431	0.06392	0.61279
0.275361	0.724619	0.00001	0.00001
0.340249	0.011549	0.007617	0.640585
0.386792	0.00001	0.00001	0.613188
0.360276	0.00001	0.00001	0.639704
0.409819	0.00001	0.012729	0.577442
0.312471	0.041169	0.09005	0.556311
0.198367	0.633556	0.00001	0.168067
0.349387	0.00001	0.00001	0.650593
0.391748	0.00001	0.00001	0.608232
0.40515	0.00001	0.00001	0.59483
0.315341	0.00001	0.012907	0.671742
0.373453	0.401569	0.00001	0.224968
0.380656	0.456272	0.001128	0.161943
0.4054	0.187138	0.013714	0.393748
0.343968	0.311625	0.030999	0.313408
0.439651	0.00001	0.00001	0.560329
0.431971	0.00001	0.00001	0.568009
0.421324	0.00001	0.033439	0.545227
0.354484	0.00001	0.00001	0.645496
0.436128	0.257635	0.000638	0.305599
0.364462	0.00001	0.010749	0.624779
0.379776	0.434824	0.00001	0.185391
0.457003	0.072613	0.041901	0.428484
0.287593	0.41451	0.017398	0.280499
0.468407	0.015045	0.002517	0.514032
0.363906	0.00001	0.00001	0.636074
0.4517	0.00001	0.011337	0.536954
0.460262	0.00001	0.00001	0.539718
0.359708	0.286802	0.00001	0.35348
0.371186	0.003972	0.00001	0.624831
0.403921	0.153247	0.00001	0.442823
0.310327	0.00001	0.019324	0.670339
0.464249	0.00001	0.00001	0.535731
0.33523	0.045179	0.069507	0.550084
0.493005	0.00001	0.00001	0.506975
0.467017	0.00001	0.00001	0.532963
0.436094	0.325752	0.00001	0.238144
0.492002	0.00001	0.00001	0.507978
0.350287	0.00001	0.013166	0.636537
0.351674	0.00001	0.00001	0.648306
0.326796	0.353309	0.00001	0.319885
0.462267	0.041778	0.061691	0.434263
0.356452	0.00001	0.00001	0.643528
0.443351	0.00001	0.030791	0.525848
0.393027	0.00001	0.01821	0.588753
0.383459	0.022581	0.051316	0.542644
0.307324	0.178904	0.00001	0.513762
0.487976	0.00001	0.00001	0.512004
0.278499	0.030625	0.039513	0.651363
0.310898	0.265158	0.021788	0.402156
0.467955	0.00001	0.00001	0.532025
0.383473	0.34079	0.037461	0.238276
0.30959	0.15086	0.084356	0.455195
0.436541	0.025739	0.066295	0.471425
0.322638	0.00001	0.00001	0.677342
0.343513	0.00001	0.015603	0.640874
0.321512	0.00001	0.00001	0.678468
0.298069	0.057701	0.040713	0.603516
0.324089	0.00001	0.00001	0.675891
0.231086	0.449976	0.006335	0.312603
0.363552	0.119735	0.00001	0.516703
0.3187	0.00001	0.029373	0.651917
0.399293	0.00001	0.00001	0.600687
0.365609	0.00001	0.011007	0.623373
0.340815	0.00001	0.013579	0.645596
0.463254	0.00001	0.00001	0.536726
0.3021	0.00001	0.00001	0.69788
0.472307	0.00001	0.00001	0.527673
0.3064	0.018637	0.076896	0.598068
0.375802	0.00001	0.00001	0.624178
0.299434	0.274441	0.008742	0.417383
0.459487	0.00001	0.041951	0.498552
0.351205	0.071768	0.045444	0.531583
0.276556	0.196016	0.00001	0.527418
0.331122	0.00001	0.00001	0.668858
0.302959	0.00001	0.088169	0.608862
0.409188	0.00001	0.00001	0.590792
0.266944	0.329447	0.00001	0.403599
0.289516	0.00001	0.00001	0.710464
0.317685	0.235913	0.00001	0.446392
0.242744	0.072386	0.029759	0.655111
0.352254	0.096875	0.00001	0.550861
0.283744	0.354231	0.00001	0.362014
0.299531	0.00001	0.022336	0.678123
0.327078	0.00001	0.00001	0.672902
0.315959	0.00001	0.00001	0.684021
0.28886	0.00001	0.023563	0.687568
0.142806	0.194127	0.07516	0.587908
0.253785	0.417117	0.00001	0.329088
0.240002	0.051442	0.016055	0.692501
0.275224	0.230703	0.00001	0.494063
0.388603	0.00001	0.0221	0.589288
0.34027	0.018516	0.0495	0.591715
0.331414	0.00001	0.048475	0.620101
0.295844	0.00001	0.00001	0.704136
0.418595	0.036099	0.063568	0.481738
0.414266	0.226777	0.013904	0.345052
0.420871	0.00001	0.00001	0.579109
0.307389	0.000717	0.019851	0.672043
0.414853	0.00001	0.00001	0.585127
0.368248	0.03405	0.036045	0.561658
0.476374	0.00001	0.00001	0.523606
0.343592	0.506924	0.030004	0.11948
0.434953	0.171306	0.04263	0.351111
0.400832	0.00001	0.00001	0.599148
0.409145	0.00001	0.00001	0.590835
0.358351	0.038739	0.00001	0.602899
0.592161	0.00001	0.00001	0.407819
0.415446	0.00001	0.001409	0.583135
0.444239	0.017545	0.087404	0.450812
0.336637	0.00001	0.075766	0.587587
0.355303	0.413877	0.016996	0.213824
0.394245	0.00001	0.00001	0.605735
0.408017	0.025566	0.00001	0.566407
0.352079	0.004751	0.030389	0.612781
0.387978	0.00001	0.00001	0.612002
0.426384	0.00001	0.00001	0.573596
0.207427	0.663507	0.129057	0.00001
0.455228	0.00001	0.001451	0.543311
0.33964	0.00001	0.026516	0.633834
0.368362	0.00001	0.00001	0.631618
0.455101	0.00001	0.00001	0.544879
0.429602	0.00001	0.008312	0.562076
0.32509	0.657357	0.017543	0.00001
0.434033	0.00001	0.00001	0.565947
0.422899	0.00001	0.00001	0.577081
0.244872	0.405065	0.012392	0.337671
0.527705	0.006683	0.026966	0.438646
0.344161	0.00001	0.033907	0.621922
0.394777	0.00001	0.00001	0.605203
0.345786	0.00001	0.00001	0.654194
0.315794	0.035001	0.032442	0.616763
0.439172	0.00001	0.00001	0.560808
0.346096	0.059679	0.00001	0.594215
0.338777	0.038051	0.07214	0.551032
0.332281	0.00001	0.00001	0.667699
0.392721	0.001829	0.02051	0.584941
0.329744	0.250372	0.028459	0.391424
0.281546	0.268327	0.183333	0.266794
0.324013	0.226177	0.061546	0.388264
0.396784	0.00001	0.00001	0.603196
0.0282	0.29469	0.017487	0.659623
0.410039	0.00001	0.008715	0.581236
0.340946	0.435147	0.00001	0.223898
0.548413	0.018897	0.049266	0.383424
0.314238	0.00001	0.020083	0.665669
0.466219	0.079616	0.01115	0.443016
0.412921	0.00001	0.00001	0.587059
0.318479	0.00001	0.016831	0.66468
0.404761	0.00001	0.00001	0.595219
0.439176	0.036114	0.072456	0.452254
0.321827	0.399218	0.00001	0.278945
0.321092	0.155296	0.00001	0.523602
0.300487	0.482446	0.020897	0.19617
0.374808	0.00001	0.000895	0.624287
0.522925	0.00001	0.012663	0.464402
0.465514	0.00001	0.000117	0.534359
0.142901	0.857079	0.00001	0.00001
0.245016	0.617976	0.045527	0.091482
0.262057	0.001713	0.127544	0.608686
0.397372	0.00001	0.00001	0.602608
0.441721	0.150122	0.052728	0.355429
0.385778	0.418954	0.04929	0.145978
0.361341	0.179503	0.040587	0.41857
0.305814	0.464134	0.00001	0.230042
0.488652	0.00001	0.03505	0.476288
0.319271	0.642521	0.00001	0.038198
0.241725	0.005531	0.036988	0.715756
0.468171	0.149891	0.00001	0.381928
0.388363	0.00001	0.00001	0.611617
0.210506	0.789474	0.00001	0.00001
0.49475	0.00001	0.00001	0.50523
0.45117	0.00001	0.00001	0.54881
0.312146	0.458652	0.00001	0.229192
0.381233	0.00001	0.00001	0.618747
0.363906	0.00001	0.011152	0.624932
0.383947	0.244158	0.017496	0.354399
0.402902	0.00001	0.002729	0.594359
0.472617	0.013157	0.00001	0.514216
0.285822	0.273157	0.06058	0.38044
0.352557	0.105744	0.038198	0.503501
0.425836	0.00001	0.019857	0.554296
0.385739	0.016297	0.00001	0.597954
0.364545	0.00001	0.011745	0.6237
0.348679	0.00001	0.027281	0.62403
0.553857	0.00001	0.00001	0.446123
0.426059	0.097525	0.047382	0.429034
0.336012	0.072043	0.015923	0.576022
0.446785	0.00001	0.00001	0.553195
0.068326	0.243122	0.119748	0.568805
0.436414	0.00001	0.021401	0.542175
0.372061	0.00001	0.00001	0.627919
0.408291	0.020487	0.011334	0.559887
0.418261	0.00001	0.015722	0.566007
0.00001	0.7416	0.027701	0.23069
0.377292	0.00001	0.059943	0.562755
0.406241	0.00001	0.00001	0.593739
0.425044	0.00001	0.00001	0.574936
0.36588	0.042148	0.00001	0.591962
0.433406	0.00001	0.00001	0.566574
0.298135	0.180246	0.095321	0.426298
0.335267	0.00001	0.00001	0.664713
0.364135	0.00001	0.00001	0.635845
0.273868	0.150175	0.004342	0.571615
0.368943	0.051577	0.031887	0.547593
0.444786	0.066069	0.00001	0.489135
0.47338	0.00001	0.00001	0.5266
0.288248	0.00001	0.00001	0.711732
0.323819	0.00001	0.00001	0.676161
0.360261	0.119362	0.045686	0.474691
0.325381	0.173554	0.00001	0.501055
0.392496	0.00001	0.00001	0.607484
0.276134	0.529883	0.00001	0.193972
0.268001	0.013487	0.02554	0.692972
0.377014	0.043322	0.00001	0.579654
0.348376	0.259771	0.00001	0.391843
0.448406	0.00001	0.00001	0.551574
0.399187	0.00001	0.00001	0.600793
0.350142	0.433752	0.029809	0.186296
0.367028	0.00001	0.00001	0.632952
0.359929	0.00001	0.038721	0.60134
0.384307	0.066854	0.007965	0.540874
0.371473	0.00001	0.00001	0.628507
0.206	0.502305	0.039362	0.252333
0.433704	0.00001	0.00001	0.566276
0.343844	0.138105	0.00001	0.518042
0.429475	0.035625	0.061025	0.473876
0.401827	0.175255	0.00001	0.422908
0.37791	0.263011	0.032063	0.327016
0.385795	0.196591	0.009821	0.407794
0.413418	0.29002	0.015402	0.281159
0.36428	0.157416	0.096957	0.381347
0.437739	0.00001	0.00001	0.562241
0.325027	0.51831	0.020737	0.135926
0.371386	0.133725	0.020636	0.474253
0.479153	0.00001	0.00001	0.520827
0.408957	0.00001	0.00001	0.591023
0.398857	0.00001	0.00001	0.601123
0.348308	0.148387	0.006833	0.496472
0.334945	0.00001	0.00001	0.665035
0.004179	0.42396	0.052836	0.519024
0.351425	0.110011	0.061755	0.476809
0.260845	0.716518	0.022628	0.00001
0.402974	0.00001	0.00001	0.597006
0.360542	0.348676	0.017514	0.273268
0.391676	0.00001	0.00001	0.608304
0.396124	0.00001	0.006872	0.596995
0.339126	0.286671	0.023401	0.350803
0.313559	0.525581	0.00001	0.16085
0.328541	0.566195	0.00001	0.105253
0.467043	0.00001	0.002598	0.530349
0.323286	0.398107	0.00001	0.278597
0.43856	0.00001	0.023851	0.537579
0.369651	0.00001	0.00001	0.630329
0.350999	0.494736	0.00001	0.154255
0.37639	0.00001	0.00001	0.62359
0.185766	0.407996	0.00001	0.406228
0.351501	0.269138	0.00356	0.3758
0.419506	0.075744	0.00001	0.50474
0.358468	0.401615	0.00001	0.239907
0.347763	0.162372	0.040794	0.449071
0.430494	0.00001	0.00001	0.569486
0.383625	0.00001	0.00001	0.616355
0.396683	0.00005	0.010129	0.593137
0.324741	0.363165	0.03005	0.282044
0.322763	0.435465	0.00001	0.241762
0.420391	0.00001	0.00001	0.579589
0.340218	0.377399	0.013773	0.26861
0.305319	0.582194	0.00001	0.112477
0.374451	0.131224	0.0325	0.461825
0.330125	0.537905	0.015487	0.116482
0.395933	0.00001	0.00001	0.604047
0.450377	0.00001	0.00001	0.549603
0.340829	0.328445	0.00001	0.330716
0.411593	0.00001	0.00001	0.588387
0.389958	0.076258	0.00001	0.533774
0.393517	0.021511	0.07134	0.513632
0.342453	0.477512	0.00001	0.180024
0.394739	0.466456	0.00001	0.138796
0.26107	0.73891	0.00001	0.00001
0.328084	0.635335	0.036571	0.00001
0.449397	0.00001	0.00001	0.550583
0.415123	0.184413	0.00001	0.400454
0.39089	0.152643	0.057372	0.399096
0.354888	0.406789	0.006708	0.231615
0.450049	0.00001	0.00001	0.549931
0.362579	0.368011	0.00001	0.2694
0.334702	0.321544	0.00001	0.343744
0.440046	0.003269	0.03326	0.523426
0.381513	0.100475	0.03858	0.479432
0.211847	0.788133	0.00001	0.00001
0.465411	0.00001	0.00001	0.534569
0.333077	0.430271	0.00001	0.236642
0.238884	0.459861	0.00001	0.301245
0.38416	0.134403	0.019745	0.461692
0.228948	0.771032	0.00001	0.00001
0.349616	0.473219	0.012068	0.165098
0.394869	0.00001	0.00001	0.605111
0.466621	0.00001	0.037657	0.495713
0.231177	0.599162	0.028617	0.141044
0.346632	0.31217	0.039688	0.301511
0.379998	0.00001	0.068857	0.551135
0.345321	0.355101	0.00001	0.299568
0.447644	0.00001	0.00001	0.552336
0.393242	0.00001	0.004437	0.602311
0.31904	0.533757	0.00001	0.147193
0.432156	0.00001	0.00001	0.567824
0.320444	0.507853	0.00001	0.171693
0.357064	0.44086	0.009106	0.19297
0.323233	0.493852	0.00001	0.182905
0.346757	0.352895	0.00001	0.300338
0.425685	0.00001	0.037253	0.537052
0.438656	0.00001	0.00001	0.561324
0.444487	0.042303	0.00001	0.513199
0.40801	0.00001	0.00001	0.59197
0.409733	0.186531	0.00001	0.403726
0.249421	0.499416	0.041493	0.20967
0.264977	0.41792	0.009095	0.308009
0.338765	0.505273	0.00001	0.155952
0.09317	0.219136	0.071335	0.616359
0.439097	0.00001	0.000869	0.560024
0.404244	0.00001	0.00001	0.595736
0.334536	0.554137	0.00001	0.111317
0.407912	0.00001	0.003925	0.588153
0.337922	0.279989	0.019695	0.362394
0.409979	0.009836	0.00001	0.580175
0.402701	0.00001	0.00001	0.597279
0.404428	0.252962	0.00001	0.342601
0.395379	0.00001	0.00001	0.604601
0.451629	0.00001	0.00001	0.548351
0.385882	0.039267	0.00001	0.574841
0.344328	0.445707	0.013695	0.19627
0.385803	0.00001	0.00001	0.614177
0.393111	0.037777	0.010145	0.558966
0.462351	0.00001	0.00001	0.537629
0.342191	0.439262	0.031351	0.187195
0.369888	0.183062	0.00001	0.44704
0.455681	0.00001	0.00001	0.544299
0.32553	0.587442	0.030971	0.056058
0.389648	0.00001	0.00001	0.610332
0.388267	0.00001	0.00001	0.611713
0.254384	0.536437	0.049944	0.159236
0.366037	0.036606	0.062438	0.534919
0.424766	0.00001	0.045454	0.529769
0.404813	0.00001	0.011244	0.583932
0.269371	0.00001	0.053063	0.677556
0.357084	0.00001	0.003837	0.63907
0.28437	0.696139	0.00001	0.01948
0.375115	0.091116	0.039856	0.493913
0.378688	0.00001	0.00001	0.621292
0.404643	0.007772	0.00001	0.587575
