0.00001	0.00001	0.00001	0.99996	0.00001
0.025154	0.00001	0.00001	0.884759	0.090067
0.00001	0.058121	0.00001	0.941849	0.00001
0.00001	0.00001	0.00001	0.99996	0.00001
0.00001	0.136082	0.00001	0.863888	0.00001
0.00001	0.00001	0.00001	0.99996	0.00001
0.00001	0.046177	0.00001	0.953793	0.00001
0.010615	0.00001	0.00001	0.808207	0.181158
0.00001	0.024145	0.00001	0.975825	0.00001
0.014606	0.00001	0.00001	0.947371	0.038003
0.00001	0.00001	0.00001	0.99996	0.00001
0.00001	0.205419	0.00001	0.794551	0.00001
0.00001	0.076332	0.00001	0.923638	0.00001
0.002448	0.00001	0.00001	0.997522	0.00001
0.00001	0.00001	0.125444	0.874526	0.00001
0.002187	0.00001	0.00001	0.997783	0.00001
0.038692	0.00001	0.00001	0.957122	0.004166
0.00001	0.00001	0.00001	0.99996	0.00001
0.00001	0.261487	0.00001	0.738483	0.00001
0.002458	0.00001	0.00001	0.95174	0.045782
0.028553	0.00001	0.00001	0.899554	0.071874
0.014165	0.00001	0.00001	0.985805	0.00001
0.00001	0.00001	0.084139	0.915831	0.00001
0.00001	0.00001	0.00001	0.99996	0.00001
0.024476	0.00001	0.00001	0.804643	0.170861
0.000816	0.00001	0.00001	0.999154	0.00001
0.00001	0.017258	0.017762	0.96496	0.00001
0.00001	0.00001	0.00001	0.990355	0.009615
0.00001	0.00001	0.00001	0.99996	0.00001
0.002271	0.00001	0.00001	0.96865	0.02906
0.014426	0.00001	0.00001	0.904734	0.08082
0.00001	0.00001	0.00001	0.99996	0.00001
0.00001	0.00001	0.00001	0.99996	0.00001
0.00001	0.113302	0.00001	0.886668	0.00001
0.00001	0.00001	0.00001	0.99996	0.00001
0.00001	0.00001	0.00001	0.99996	0.00001
0.00001	0.00001	0.00001	0.99996	0.00001
0.006795	0.00001	0.00001	0.929677	0.063507
0.052076	0.00001	0.00001	0.910487	0.037417
0.00001	0.00001	0.00001	0.99996	0.00001
0.00001	0.247978	0.00001	0.751992	0.00001
0.00001	0.00001	0.00001	0.99996	0.00001
0.009568	0.00001	0.00001	0.990402	0.00001
0.00001	0.00001	0.167433	0.832537	0.00001
0.00001	0.00001	0.00001	0.912673	0.087297
0.00001	0.00001	0.00001	0.99996	0.00001
0.006202	0.080059	0.00001	0.913719	0.00001
0.00001	0.00001	0.00001	0.99996	0.00001
0.00001	0.00001	0.00001	0.990924	0.009046
0.00001	0.128444	0.00001	0.871526	0.00001
0.00001	0.00001	0.00001	0.99996	0.00001
0.004092	0.00001	0.00001	0.973136	0.022753
0.00001	0.06756	0.00001	0.93241	0.00001
0.00001	0.00001	0.00001	0.99996	0.00001
0.00001	0.123788	0.00001	0.876182	0.00001
0.00001	0.055544	0.00001	0.944426	0.00001
0.00001	0.00001	0.00001	0.99996	0.00001
0.011442	0.00001	0.00001	0.88316	0.105378
0.00001	0.00001	0.00001	0.99996	0.00001
0.019178	0.00001	0.00001	0.980792	0.00001
0.00001	0.085834	0.00001	0.914136	0.00001
0.00001	0.00001	0.00001	0.99996	0.00001
0.00001	0.00001	0.00001	0.99996	0.00001
0.000819	0.00001	0.00001	0.999151	0.00001
0.039872	0.00001	0.00001	0.788796	0.171312
0.03253	0.00001	0.00001	0.879366	0.088084
0.00001	0.001168	0.100588	0.898224	0.00001
0.012144	0.00001	0.00001	0.983134	0.004702
0.00001	0.517641	0.00001	0.482329	0.00001
0.00001	0.00001	0.00001	0.99996	0.00001
0.011929	0.00001	0.00001	0.903732	0.084319
0.00001	0.069994	0.00001	0.929976	0.00001
0.00001	0.00001	0.00001	0.99996	0.00001
0.00001	0.00001	0.00001	0.996466	0.003504
0.010927	0.004674	0.00001	0.984378	0.00001
0.00001	0.00001	0.00001	0.99996	0.00001
0.00001	0.00001	0.00001	0.99996	0.00001
0.00001	0.00001	0.00001	0.99996	0.00001
0.00001	0.00001	0.00001	0.99996	0.00001
0.030585	0.00001	0.00001	0.824849	0.144546
0.00001	0.00001	0.00001	0.99996	0.00001
0.00001	0.044927	0.00001	0.955043	0.00001
0.00001	0.00001	0.00001	0.99996	0.00001
0.00422	0.00001	0.00001	0.99575	0.00001
0.022073	0.00001	0.00001	0.894932	0.082975
0.00001	0.00001	0.00001	0.949732	0.050238
0.00001	0.00001	0.00001	0.99996	0.00001
0.00001	0.00001	0.00001	0.99996	0.00001
0.137607	0.00001	0.00001	0.749387	0.112986
0.00001	0.00001	0.00001	0.982221	0.017749
0.006132	0.003342	0.00001	0.963742	0.026774
0.035278	0.00001	0.00001	0.847238	0.117464
0.00001	0.00001	0.00001	0.99996	0.00001
0.00001	0.00001	0.00001	0.99996	0.00001
0.00001	0.00001	0.253831	0.746139	0.00001
0.00001	0.00001	0.000016	0.999954	0.00001
0.00001	0.00001	0.00001	0.984979	0.014991
0.00001	0.049705	0.00001	0.950265	0.00001
0.00001	0.00001	0.00001	0.99996	0.00001
0.115369	0.00001	0.00001	0.729973	0.154639
0.00001	0.066833	0.00001	0.933137	0.00001
0.00001	0.00001	0.00001	0.99996	0.00001
0.00001	0.00001	0.00001	0.99996	0.00001
0.00001	0.00679	0.00001	0.99318	0.00001
0.835844	0.00001	0.00001	0.00001	0.164126
0.717928	0.005862	0.265613	0.010587	0.00001
0.900486	0.00001	0.00001	0.00001	0.099484
0.709906	0.069053	0.207646	0.013385	0.00001
0.680111	0.00001	0.005412	0.090001	0.224466
0.635487	0.334776	0.00001	0.029717	0.00001
0.631061	0.00001	0.368909	0.00001	0.00001
0.692963	0.000471	0.306546	0.00001	0.00001
0.739734	0.027994	0.232251	0.00001	0.00001
0.782865	0.00001	0.00001	0.053437	0.163678
0.792699	0.00001	0.00001	0.01769	0.189591
0.774461	0.006499	0.05588	0.077242	0.085918
0.767524	0.009265	0.189202	0.034	0.00001
0.706427	0.245081	0.00001	0.048471	0.00001
0.781415	0.00001	0.160936	0.057629	0.00001
0.770262	0.00001	0.008962	0.010628	0.210138
0.78577	0.00001	0.00001	0.028803	0.185407
0.447555	0.411122	0.020099	0.026146	0.095078
0.67088	0.307446	0.00001	0.021653	0.00001
0.715543	0.03155	0.174196	0.073928	0.004783
0.733329	0.007002	0.235106	0.024553	0.00001
0.816205	0.00001	0.036163	0.00296	0.144662
0.782476	0.00001	0.151124	0.062066	0.004324
0.793365	0.00001	0.042378	0.030063	0.134184
0.736059	0.00001	0.263911	0.00001	0.00001
0.736676	0.00001	0.21239	0.050913	0.00001
0.4745	0.505958	0.00001	0.00001	0.019521
0.658361	0.135062	0.206558	0.00001	0.00001
0.806014	0.012517	0.051391	0.015629	0.114448
0.759047	0.020315	0.220618	0.00001	0.00001
0.821481	0.00001	0.00001	0.004581	0.173918
0.790587	0.00001	0.00001	0.005081	0.204312
0.777031	0.00001	0.002461	0.006582	0.213916
0.766491	0.00001	0.077103	0.041639	0.114758
0.734045	0.096876	0.110749	0.05832	0.00001
0.649196	0.292792	0.00001	0.057991	0.00001
0.770919	0.008243	0.018607	0.060163	0.142068
0.780979	0.003023	0.215978	0.00001	0.00001
0.774308	0.00001	0.00001	0.021797	0.203875
0.813981	0.00001	0.00001	0.071102	0.114897
0.631083	0.311557	0.041763	0.015588	0.00001
0.758401	0.017343	0.050347	0.05264	0.121269
0.790914	0.00001	0.00001	0.070283	0.138783
0.747414	0.128986	0.114685	0.008905	0.00001
0.643378	0.018431	0.338171	0.00001	0.00001
0.816222	0.00001	0.0149	0.006263	0.162605
0.700655	0.011114	0.288211	0.00001	0.00001
0.682338	0.022138	0.295504	0.00001	0.00001
0.631142	0.03087	0.00001	0.00001	0.337968
0.624548	0.329032	0.014604	0.031806	0.00001
0.676417	0.005542	0.006249	0.049476	0.262316
0.816023	0.00001	0.00001	0.01585	0.168107
0.727388	0.011409	0.261183	0.00001	0.00001
0.787595	0.00001	0.043735	0.004496	0.164164
0.795727	0.00001	0.026032	0.082515	0.095717
0.73025	0.023096	0.246634	0.00001	0.00001
0.784467	0.004756	0.065361	0.049464	0.095951
0.684988	0.002811	0.312181	0.00001	0.00001
0.614498	0.106793	0.278689	0.00001	0.00001
0.710934	0.226632	0.00001	0.062414	0.00001
0.641523	0.075583	0.282874	0.00001	0.00001
0.724056	0.021393	0.182402	0.072139	0.00001
0.699781	0.010435	0.021929	0.040466	0.227388
0.778032	0.00001	0.00001	0.012503	0.209445
0.735412	0.009822	0.197517	0.057239	0.00001
0.806386	0.00001	0.019824	0.028455	0.145325
0.791641	0.00001	0.036956	0.071064	0.100328
0.581352	0.336207	0.069806	0.012625	0.00001
0.625898	0.374072	0.00001	0.00001	0.00001
0.725204	0.00001	0.274766	0.00001	0.00001
0.641351	0.358619	0.00001	0.00001	0.00001
0.732288	0.07526	0.00001	0.022126	0.170316
0.73446	0.00001	0.00001	0.04953	0.21599
0.776184	0.00001	0.00001	0.003484	0.220312
0.791073	0.014571	0.147931	0.046415	0.00001
0.7199	0.015858	0.231904	0.032328	0.00001
0.755143	0.061078	0.014395	0.046989	0.122395
0.797363	0.002315	0.030121	0.059706	0.110496
0.747271	0.002266	0.026608	0.047382	0.176473
0.750862	0.00001	0.199891	0.049227	0.00001
0.805732	0.00001	0.00001	0.029385	0.164863
0.75326	0.037524	0.134982	0.074224	0.00001
0.731366	0.009526	0.217884	0.041214	0.00001
0.702493	0.075198	0.205158	0.01714	0.00001
0.772656	0.00001	0.00001	0.018508	0.208816
0.777289	0.004618	0.195046	0.023036	0.00001
0.701516	0.00001	0.296078	0.002386	0.00001
0.74949	0.00279	0.064734	0.056125	0.126861
0.731536	0.0193	0.249144	0.00001	0.00001
0.652377	0.195529	0.152074	0.00001	0.00001
0.734844	0.015099	0.194482	0.055566	0.00001
0.664123	0.03351	0.302347	0.00001	0.00001
0.747218	0.005052	0.081857	0.083722	0.082151
0.725983	0.010265	0.026301	0.021848	0.215603
0.748268	0.00001	0.047809	0.071849	0.132064
0.753226	0.001337	0.240257	0.00517	0.00001
0.803237	0.00001	0.027519	0.039227	0.130007
0.779788	0.00001	0.025034	0.049531	0.145637
0.698094	0.0277	0.258915	0.015281	0.00001
0.920437	0.00001	0.00001	0.034924	0.044619
0.904706	0.00001	0.075601	0.000197	0.019486
0.936773	0.00001	0.00001	0.022421	0.040787
0.847274	0.008997	0.00001	0.01521	0.128509
0.899968	0.00001	0.00001	0.00001	0.100002
0.914936	0.00001	0.00001	0.058269	0.026775
0.895888	0.00001	0.00001	0.035833	0.068259
0.91297	0.00001	0.00001	0.00001	0.087
0.888093	0.00001	0.00001	0.00001	0.111877
0.877783	0.00001	0.00001	0.038521	0.083676
0.960159	0.00001	0.00099	0.01751	0.021332
0.916714	0.00001	0.01247	0.01176	0.059046
0.912451	0.082197	0.001435	0.003907	0.00001
0.885392	0.00001	0.002256	0.046445	0.065896
0.941573	0.00001	0.00001	0.00001	0.058397
0.92579	0.00001	0.00001	0.00048	0.073711
0.887725	0.000581	0.001943	0.015844	0.093906
0.764991	0.00001	0.00001	0.00001	0.234979
0.914665	0.00001	0.00001	0.004138	0.081177
0.897133	0.072418	0.030429	0.00001	0.00001
0.919899	0.00001	0.00001	0.005177	0.074904
0.752589	0.247381	0.00001	0.00001	0.00001
0.738094	0.261876	0.00001	0.00001	0.00001
0.89294	0.00001	0.00001	0.018249	0.088791
0.958799	0.00001	0.00001	0.041171	0.00001
0.775285	0.224685	0.00001	0.00001	0.00001
0.890743	0.00001	0.028857	0.069004	0.011386
0.926567	0.00001	0.00001	0.009679	0.063733
0.919982	0.00001	0.00001	0.010979	0.069019
0.909615	0.00001	0.030485	0.035308	0.024582
0.866931	0.00001	0.00001	0.012	0.121049
0.757835	0.242135	0.00001	0.00001	0.00001
0.920706	0.00001	0.00001	0.00001	0.079264
0.909794	0.00001	0.00001	0.029324	0.060861
0.725118	0.274852	0.00001	0.00001	0.00001
0.868178	0.00001	0.10425	0.027552	0.00001
0.881175	0.002788	0.059393	0.032684	0.02396
0.932788	0.00001	0.00001	0.00001	0.067182
0.917765	0.00001	0.00001	0.00001	0.082205
0.894055	0.007242	0.00001	0.022184	0.076509
0.859582	0.003857	0.049606	0.050999	0.035956
0.877965	0.00001	0.00001	0.005011	0.117003
0.908999	0.00001	0.00001	0.000012	0.090969
0.927073	0.00001	0.00001	0.00001	0.072897
0.848359	0.010552	0.141069	0.00001	0.00001
0.840669	0.00001	0.00001	0.005209	0.154102
0.959069	0.00001	0.00001	0.006684	0.034227
0.887589	0.028213	0.00001	0.017003	0.067185
0.804394	0.00001	0.00001	0.032279	0.163306
0.859222	0.000399	0.002076	0.025244	0.113059
0.916626	0.00001	0.00001	0.03133	0.052024
0.866477	0.00001	0.010453	0.064343	0.058718
0.912323	0.00001	0.00001	0.00001	0.087647
0.834306	0.00001	0.000161	0.061825	0.103699
0.927509	0.00001	0.00001	0.00001	0.072461
0.906924	0.00001	0.00001	0.038841	0.054215
0.91911	0.00001	0.011	0.011993	0.057887
0.920484	0.00001	0.00001	0.029813	0.049683
0.888696	0.00001	0.00001	0.01338	0.097904
0.84683	0.00001	0.00001	0.055407	0.097743
0.902234	0.00001	0.00001	0.035013	0.062733
0.906039	0.00001	0.00001	0.00001	0.093931
0.724142	0.275828	0.00001	0.00001	0.00001
0.901151	0.00001	0.00001	0.023543	0.075286
0.864853	0.00001	0.00001	0.015207	0.11992
0.939841	0.00001	0.00001	0.049149	0.010989
0.898255	0.00001	0.00001	0.00001	0.101715
0.851607	0.015608	0.132765	0.00001	0.00001
0.907135	0.00001	0.00001	0.015008	0.077837
0.685313	0.314657	0.00001	0.00001	0.00001
0.719295	0.280675	0.00001	0.00001	0.00001
0.705305	0.294665	0.00001	0.00001	0.00001
0.902158	0.00001	0.00001	0.00001	0.097812
0.37115	0.273806	0.00001	0.078506	0.276528
0.78737	0.2126	0.00001	0.00001	0.00001
0.917448	0.00001	0.025958	0.00001	0.056574
0.690795	0.309175	0.00001	0.00001	0.00001
0.858736	0.00001	0.141234	0.00001	0.00001
0.920187	0.00001	0.00001	0.004727	0.075066
0.799105	0.181495	0.019381	0.00001	0.00001
0.894521	0.00001	0.079497	0.023772	0.002199
0.806058	0.190243	0.003679	0.00001	0.00001
0.93479	0.00001	0.00001	0.003956	0.061234
0.78098	0.00001	0.00001	0.00001	0.21899
0.818006	0.00001	0.00001	0.039396	0.142578
0.916963	0.00001	0.00001	0.00001	0.083007
0.879788	0.00001	0.113441	0.006751	0.00001
0.885382	0.00001	0.00001	0.071275	0.043323
0.862849	0.00001	0.05407	0.083061	0.00001
0.950966	0.00001	0.00001	0.00001	0.049004
0.917082	0.00001	0.055635	0.00001	0.027262
0.932288	0.00001	0.00001	0.00001	0.067682
0.887324	0.00001	0.008808	0.00001	0.103848
0.590607	0.00001	0.00001	0.030086	0.379287
0.586568	0.00001	0.00001	0.008337	0.405076
0.526386	0.041981	0.109198	0.00001	0.322425
0.516024	0.00001	0.251487	0.00001	0.232469
0.582056	0.00001	0.00001	0.00001	0.417914
0.523112	0.028289	0.00001	0.007127	0.441462
0.546732	0.00001	0.00001	0.00001	0.453238
0.524875	0.00001	0.00001	0.00001	0.475095
0.363991	0.493702	0.00001	0.024119	0.118177
0.515502	0.203429	0.059789	0.019127	0.202154
0.533004	0.00001	0.00001	0.00001	0.466966
0.569295	0.00001	0.00001	0.00001	0.430675
0.58292	0.00001	0.00001	0.00001	0.41705
0.518427	0.008597	0.00001	0.004828	0.468138
0.55232	0.00001	0.00001	0.00001	0.44765
0.56155	0.00001	0.00001	0.00001	0.43842
0.371927	0.519912	0.00001	0.00001	0.108142
0.552843	0.00001	0.00001	0.003015	0.444122
0.542568	0.051836	0.026218	0.054669	0.324709
0.535558	0.00001	0.00001	0.016258	0.448164
0.543522	0.008995	0.053614	0.004103	0.389766
0.524167	0.00001	0.00001	0.00001	0.475803
0.541306	0.00001	0.00001	0.027681	0.430993
0.604883	0.00001	0.00001	0.00001	0.395087
0.537399	0.00001	0.00001	0.001782	0.460799
0.402013	0.566381	0.00001	0.00001	0.031586
0.566161	0.00001	0.00001	0.00001	0.433809
0.544452	0.154846	0.00001	0.00001	0.300682
0.392338	0.00001	0.00001	0.00001	0.607632
0.418939	0.00001	0.00001	0.020297	0.560744
0.312196	0.211473	0.00001	0.00001	0.476312
0.391316	0.02939	0.00001	0.00001	0.579274
0.403098	0.045449	0.112296	0.00001	0.439148
0.397307	0.008337	0.00001	0.005939	0.588407
0.496837	0.018356	0.00001	0.020471	0.464326
0.42267	0.00001	0.00001	0.00001	0.5773
0.266767	0.486632	0.00001	0.008631	0.23796
0.423201	0.00001	0.00001	0.00001	0.576769
0.381215	0.029853	0.00001	0.037877	0.551044
0.371916	0.00001	0.00001	0.00001	0.628054
0.389246	0.005143	0.00001	0.047845	0.557756
0.39856	0.00001	0.00001	0.009321	0.592098
0.359565	0.01448	0.00001	0.07066	0.555286
0.402268	0.073058	0.001217	0.01151	0.511947
0.219787	0.553626	0.00001	0.045235	0.181342
0.301589	0.00001	0.00001	0.0466	0.651791
0.433508	0.00001	0.00001	0.00001	0.566462
0.363411	0.00001	0.00001	0.029151	0.607418
0.411814	0.00001	0.00001	0.00001	0.588156
0.354366	0.100456	0.00001	0.039048	0.50612
0.007666	0.203189	0.227807	0.093827	0.467512
0.443725	0.000748	0.00001	0.01689	0.538626
0.38734	0.00001	0.00001	0.023688	0.588952
0.380584	0.028484	0.00001	0.006032	0.58489
0.501435	0.044894	0.182919	0.036952	0.2338
0.244974	0.339043	0.00001	0.01326	0.402714
0.251526	0.117151	0.52125	0.00001	0.110063
0.268983	0.373705	0.00001	0.00001	0.357292
0.293834	0.304062	0.00001	0.038389	0.363705
0.422268	0.00001	0.00001	0.036324	0.541388
0.206621	0.478528	0.00001	0.126331	0.18851
0.311758	0.009465	0.408277	0.009418	0.261082
0.39817	0.009735	0.00001	0.00111	0.590975
0.432799	0.055372	0.00001	0.062605	0.449213
0.278227	0.463713	0.00001	0.00001	0.25804
0.406577	0.00001	0.00001	0.00001	0.593393
0.418543	0.05212	0.071707	0.00001	0.457621
0.386537	0.00001	0.276795	0.00001	0.336648
0.388287	0.044118	0.000553	0.065298	0.501744
0.444321	0.00001	0.00001	0.00001	0.555649
0.420505	0.00001	0.00001	0.00001	0.579465
0.309125	0.093093	0.212509	0.037928	0.347345
0.422518	0.00001	0.00001	0.008126	0.569337
0.447684	0.00001	0.00001	0.001223	0.551073
0.375323	0.00001	0.037204	0.00001	0.587453
0.425334	0.00001	0.00001	0.00001	0.574636
0.455147	0.00001	0.00001	0.00001	0.544823
0.411036	0.00001	0.00001	0.00001	0.588934
0.267816	0.420384	0.00001	0.00001	0.311781
0.287361	0.443824	0.00001	0.00001	0.268795
0.363312	0.018478	0.189592	0.00001	0.428608
0.40137	0.00001	0.00001	0.025211	0.573398
0.449193	0.00001	0.00001	0.017943	0.532843
0.394832	0.00001	0.00001	0.00001	0.605138
0.421653	0.00001	0.00001	0.00001	0.578317
0.418042	0.00001	0.130828	0.00001	0.451111
0.396919	0.003603	0.00001	0.00001	0.599458
0.448482	0.00001	0.00001	0.00001	0.551488
0.430742	0.00001	0.00001	0.00001	0.569228
0.413826	0.00001	0.00001	0.00001	0.586144
0.388997	0.00001	0.155108	0.068682	0.387203
0.41745	0.00001	0.00001	0.00001	0.58252
0.471486	0.00001	0.00001	0.010784	0.51771
0.391815	0.00001	0.00001	0.042277	0.565889
0.434962	0.00001	0.00001	0.0633	0.501718
0.350333	0.00001	0.421938	0.00001	0.227709
0.429342	0.016532	0.058658	0.004251	0.491217
0.344477	0.00001	0.451818	0.00001	0.203685
0.438769	0.00001	0.024187	0.00001	0.537023
0.413722	0.00001	0.00001	0.01567	0.570589
0.400954	0.00001	0.00001	0.00001	0.599016
0.435864	0.00001	0.00001	0.059572	0.504544
0.442232	0.00001	0.128572	0.007244	0.421942
0.392939	0.00001	0.00001	0.011211	0.59583
0.39357	0.06912	0.0084	0.077866	0.451045
0.09406	0.00001	0.104784	0.129705	0.671441
0.00001	0.018759	0.692769	0.010415	0.278047
0.195573	0.318121	0.186432	0.041788	0.258086
0.252526	0.032352	0.211876	0.013469	0.489777
0.141064	0.00001	0.00001	0.101757	0.75716
0.518204	0.00001	0.00001	0.00001	0.481766
0.096121	0.00001	0.094095	0.090795	0.718979
0.01306	0.033117	0.630431	0.102036	0.221356
0.056771	0.058734	0.026986	0.096256	0.761253
0.178478	0.462967	0.00001	0.00001	0.358534
0.299107	0.00001	0.034851	0.044116	0.621916
0.10185	0.00001	0.065603	0.101586	0.730951
0.036997	0.051612	0.403473	0.109179	0.39874
0.205531	0.00001	0.00001	0.029042	0.765407
0.13469	0.00001	0.00001	0.039677	0.825614
0.474117	0.00001	0.00001	0.019857	0.506006
0.179109	0.531625	0.005513	0.022446	0.261306
0.341658	0.00001	0.00001	0.00001	0.658312
0.478139	0.010915	0.00001	0.012491	0.498445
0.090534	0.00001	0.00001	0.111044	0.798402
0.346339	0.00001	0.00001	0.036256	0.617386
0.208993	0.00001	0.00001	0.116378	0.674609
0.304289	0.41142	0.00001	0.00001	0.284272
0.29431	0.039042	0.037703	0.035748	0.593197
0.40412	0.281963	0.00001	0.012804	0.301103
0.290816	0.00001	0.00001	0.00001	0.709154
0.518204	0.481472	0.00001	0.00001	0.000304
0.358145	0.00001	0.00001	0.045378	0.596457
0.001474	0.086502	0.467177	0.084991	0.359856
0.098981	0.00001	0.264079	0.048631	0.588299
0.044028	0.019872	0.770604	0.10906	0.056436
0.000686	0.00001	0.669736	0.07689	0.252677
0.187589	0.014669	0.211998	0.033826	0.551919
0.097965	0.00001	0.00001	0.105904	0.796111
0.074942	0.004946	0.226223	0.091976	0.601913
0.00001	0.386786	0.080808	0.120358	0.412038
0.096615	0.00001	0.00001	0.140054	0.763311
0.251591	0.534842	0.00001	0.022825	0.190732
0.364755	0.00001	0.00001	0.029108	0.606117
0.072535	0.00001	0.507832	0.039549	0.380074
0.03612	0.5576	0.00001	0.026915	0.379355
0.097826	0.106902	0.025736	0.099096	0.67044
0.024458	0.035437	0.347823	0.097215	0.495067
0.128969	0.00001	0.00001	0.081317	0.789693
0.169264	0.042981	0.045507	0.149478	0.59277
0.06502	0.02605	0.281902	0.060522	0.566507
0.066436	0.072172	0.068319	0.104778	0.688295
0.444091	0.00001	0.00001	0.00001	0.555879
0.121293	0.00001	0.00001	0.072482	0.806206
0.248414	0.00001	0.289719	0.005073	0.456785
0.092853	0.001944	0.183465	0.12686	0.594877
0.028347	0.00001	0.358803	0.089231	0.523609
0.069273	0.031303	0.15784	0.080682	0.660903
0.060151	0.048299	0.191351	0.070468	0.62973
0.055302	0.057175	0.08045	0.092724	0.714349
0.12512	0.00001	0.392903	0.045233	0.436735
0.092966	0.064172	0.00001	0.114483	0.728369
0.170462	0.697506	0.00001	0.00001	0.132012
0.3868	0.004518	0.014577	0.103412	0.490694
0.105176	0.00176	0.023084	0.162194	0.707787
0.239626	0.00001	0.00001	0.042834	0.71752
0.076825	0.00001	0.058835	0.086231	0.7781
0.389893	0.00001	0.000978	0.009969	0.59915
0.086282	0.099225	0.00001	0.127122	0.687361
0.379487	0.003135	0.185712	0.081778	0.349887
0.365161	0.00001	0.00001	0.00001	0.634809
0.00001	0.037413	0.832616	0.028296	0.101665
0.00001	0.349241	0.060276	0.08382	0.506652
0.42603	0.00001	0.00001	0.023335	0.550614
0.034309	0.00001	0.52333	0.030788	0.411562
0.015945	0.187524	0.054633	0.132438	0.60946
0.073961	0.10134	0.052829	0.12058	0.651289
0.112846	0.00001	0.091945	0.122449	0.67275
0.361677	0.03772	0.161973	0.03358	0.40505
0.218129	0.00001	0.366718	0.01578	0.399363
0.119338	0.00001	0.00001	0.099688	0.780953
0.027613	0.072211	0.354903	0.089859	0.455414
0.341121	0.000361	0.014313	0.074468	0.569737
0.079977	0.178208	0.223487	0.180178	0.338151
0.325273	0.00001	0.00001	0.004792	0.669915
0.671865	0.00001	0.00001	0.00001	0.328105
0.307915	0.320218	0.153871	0.011522	0.206475
0.030862	0.020824	0.370504	0.102603	0.475207
0.080001	0.021323	0.238094	0.084403	0.576179
0.015652	0.307355	0.056182	0.090548	0.530263
0.399011	0.00001	0.00001	0.04625	0.554719
0.065607	0.00001	0.330772	0.152836	0.450775
0.43877	0.00001	0.00001	0.00001	0.5612
0.00001	0.395622	0.00001	0.061205	0.543153
0.056025	0.058183	0.202523	0.093297	0.589973
0.071253	0.00001	0.02197	0.156411	0.750356
0.00001	0.433688	0.004523	0.083134	0.478645
0.221939	0.00001	0.00001	0.062131	0.71591
0.329209	0.00001	0.00001	0.018959	0.651812
0.059245	0.079209	0.190986	0.134705	0.535855
0.036323	0.288928	0.113963	0.054627	0.506159
0.410397	0.00001	0.00001	0.008954	0.580629
0.149552	0.00001	0.602401	0.05337	0.194667
0.118967	0.00001	0.00001	0.069827	0.811186
0.073359	0.050042	0.186443	0.064194	0.625962
0.07147	0.00001	0.22266	0.08078	0.625079
0.210715	0.633765	0.00001	0.00001	0.155501
0.206057	0.051982	0.13115	0.099022	0.51179
0.623999	0.00001	0.00001	0.004514	0.371467
0.667992	0.039056	0.00001	0.032559	0.260383
0.65316	0.024183	0.00001	0.008051	0.314596
0.560245	0.029198	0.00001	0.054936	0.355612
0.431128	0.568842	0.00001	0.00001	0.00001
0.704303	0.00001	0.00001	0.00001	0.295667
0.643963	0.041465	0.010487	0.046535	0.25755
0.653441	0.00001	0.00001	0.01886	0.327679
0.628086	0.00001	0.00001	0.02651	0.345384
0.684231	0.00001	0.00001	0.000658	0.315091
0.727616	0.00001	0.00001	0.00001	0.272354
0.655899	0.00001	0.00001	0.00001	0.344071
0.625584	0.046919	0.009514	0.023825	0.294158
0.656026	0.00001	0.00001	0.035945	0.308009
0.646939	0.00001	0.00001	0.021585	0.331457
0.718173	0.006433	0.00001	0.00651	0.268874
0.420932	0.578292	0.00001	0.00001	0.000755
0.718579	0.021667	0.00001	0.00461	0.255134
0.67898	0.00001	0.00001	0.00001	0.32099
0.664681	0.00001	0.00001	0.040391	0.294908
0.695177	0.012579	0.00001	0.00001	0.292224
0.635238	0.364732	0.00001	0.00001	0.00001
0.59787	0.343563	0.00001	0.00001	0.058547
0.542716	0.457254	0.00001	0.00001	0.00001
0.733178	0.00001	0.00001	0.00001	0.266792
0.502111	0.00001	0.004312	0.046239	0.447329
0.367421	0.525121	0.00001	0.030375	0.077073
0.465784	0.00001	0.33873	0.009534	0.185942
0.644728	0.00001	0.00001	0.00001	0.355242
0.546258	0.300228	0.11634	0.037164	0.00001
0.664867	0.132207	0.00001	0.00001	0.202906
0.67861	0.00001	0.00001	0.02936	0.292009
0.698955	0.00001	0.050226	0.012401	0.238408
0.690364	0.064593	0.226177	0.018856	0.00001
0.348877	0.055099	0.200717	0.04524	0.350067
0.744865	0.00001	0.00001	0.028486	0.226629
0.479657	0.433232	0.00001	0.00001	0.087091
0.568783	0.039517	0.015137	0.050287	0.326275
0.54658	0.00001	0.00001	0.00001	0.45339
0.689898	0.051822	0.228418	0.029852	0.00001
0.791103	0.00001	0.00001	0.021735	0.187142
0.696195	0.303775	0.00001	0.00001	0.00001
0.840243	0.00001	0.00001	0.00001	0.159727
0.756965	0.00001	0.00001	0.00663	0.236385
0.734154	0.004089	0.00001	0.00001	0.261737
0.848093	0.00001	0.00001	0.008573	0.143313
0.599421	0.00001	0.00001	0.00001	0.400549
0.758194	0.01137	0.035269	0.00001	0.195158
0.642299	0.357671	0.00001	0.00001	0.00001
0.786411	0.00001	0.00001	0.00001	0.213559
0.713445	0.00001	0.00001	0.00001	0.286525
0.79598	0.00001	0.00001	0.00001	0.20399
0.652612	0.00001	0.00001	0.00001	0.347358
0.479143	0.00001	0.001975	0.00001	0.518862
0.733002	0.038338	0.00001	0.00001	0.22864
0.598384	0.066709	0.00001	0.004479	0.330418
0.751	0.018956	0.008778	0.047827	0.173438
0.586431	0.413539	0.00001	0.00001	0.00001
0.760292	0.00001	0.00001	0.00001	0.239678
0.763734	0.027057	0.037717	0.03074	0.140751
0.681557	0.114526	0.035007	0.061986	0.106924
0.880185	0.003884	0.00001	0.026166	0.089756
0.623875	0.376095	0.00001	0.00001	0.00001
0.649933	0.016797	0.017976	0.007539	0.307756
0.156609	0.036029	0.00001	0.053995	0.753357
0.576559	0.038636	0.00001	0.00001	0.384785
0.45687	0.5431	0.00001	0.00001	0.00001
0.470293	0.00001	0.00001	0.005484	0.524203
0.353294	0.00001	0.455604	0.00001	0.191082
0.650994	0.00001	0.00001	0.012321	0.336665
0.658087	0.00001	0.00001	0.00001	0.341883
0.572723	0.095872	0.00001	0.034331	0.297064
0.336651	0.168146	0.252758	0.033219	0.209226
0.505398	0.00001	0.00001	0.00001	0.494572
0.434453	0.056916	0.002303	0.004436	0.501891
0.686779	0.00001	0.00001	0.00001	0.313191
0.368773	0.00001	0.368835	0.00001	0.262373
0.385397	0.00001	0.00001	0.001771	0.612812
0.437807	0.00001	0.00001	0.00001	0.562163
0.416127	0.00001	0.500948	0.00001	0.082905
0.624975	0.008346	0.00001	0.00001	0.366659
0.56097	0.001209	0.00001	0.00001	0.437801
0.438818	0.17954	0.00001	0.00001	0.381622
0.449747	0.00001	0.00001	0.071388	0.478845
0.411753	0.00001	0.00001	0.065788	0.522439
0.669681	0.020342	0.047035	0.026372	0.236571
0.631357	0.00001	0.00001	0.00001	0.368613
0.599505	0.046256	0.018086	0.035611	0.300541
0.579924	0.150847	0.120374	0.007286	0.141568
0.447648	0.00001	0.00001	0.00001	0.552322
0.670539	0.00001	0.00001	0.00001	0.329431
0.522901	0.475044	0.00001	0.002035	0.00001
0.581594	0.124724	0.00001	0.00001	0.293662
0.614744	0.00001	0.00001	0.00001	0.385226
0.370916	0.05356	0.025648	0.056911	0.492965
0.584143	0.00001	0.00001	0.00001	0.415827
0.243461	0.087984	0.006127	0.047241	0.615187
0.385085	0.006727	0.007399	0.003566	0.597223
0.505597	0.251147	0.00001	0.083701	0.159545
0.502701	0.00001	0.00001	0.00001	0.497269
0.526658	0.00001	0.00001	0.00001	0.473312
0.399485	0.054505	0.086852	0.12372	0.335438
0.724739	0.00001	0.00001	0.007062	0.268179
0.411843	0.00001	0.00001	0.00001	0.588127
0.555993	0.047378	0.200791	0.077793	0.118045
0.433562	0.00001	0.096909	0.024834	0.444685
0.424857	0.00001	0.00001	0.036802	0.538321
0.412076	0.144706	0.00001	0.011123	0.432086
0.351643	0.005243	0.00001	0.065929	0.577174
0.443217	0.00001	0.00001	0.00001	0.556753
0.505962	0.00001	0.00001	0.003742	0.490276
0.45258	0.012282	0.024827	0.054816	0.455495
0.381435	0.013872	0.029472	0.036335	0.538885
0.275135	0.466231	0.031402	0.043897	0.183336
0.28371	0.279679	0.00001	0.00001	0.43659
0.400386	0.103351	0.00001	0.00001	0.496243
0.448006	0.00001	0.00001	0.001037	0.550937
0.39768	0.00001	0.00001	0.010474	0.591827
0.478842	0.00001	0.00001	0.00001	0.521128
0.246989	0.00001	0.00001	0.026874	0.726117
0.385873	0.260312	0.00001	0.014287	0.339518
0.194847	0.00001	0.00001	0.117207	0.687926
0.375351	0.044613	0.12993	0.027707	0.422399
0.33577	0.001066	0.028262	0.023874	0.611028
0.38624	0.00001	0.00001	0.025287	0.588452
0.420528	0.00001	0.00001	0.00001	0.579442
0.332338	0.00001	0.00001	0.00001	0.667632
0.190202	0.809768	0.00001	0.00001	0.00001
0.311757	0.216656	0.00001	0.000311	0.471267
0.222823	0.036443	0.513536	0.032633	0.194565
0.39192	0.00001	0.000358	0.004004	0.603709
0.354125	0.00001	0.314205	0.00001	0.33165
0.513025	0.00001	0.00001	0.00001	0.486945
0.475678	0.00001	0.00001	0.00001	0.524292
0.406914	0.00001	0.001897	0.011741	0.579438
0.412898	0.024619	0.00001	0.039367	0.523105
0.378999	0.00001	0.00001	0.025881	0.595101
0.396543	0.00001	0.00001	0.00001	0.603427
0.431203	0.00001	0.00001	0.00001	0.568767
0.395045	0.090395	0.009849	0.041592	0.463118
0.357655	0.00001	0.00001	0.037427	0.604898
0.451057	0.00001	0.00001	0.00001	0.548913
0.249217	0.562599	0.00001	0.01582	0.172354
0.34504	0.035139	0.345969	0.00001	0.273841
0.306093	0.00001	0.00001	0.032178	0.661709
0.150064	0.010093	0.026803	0.088961	0.724079
0.397519	0.00001	0.00001	0.00001	0.602451
0.384529	0.00001	0.00001	0.033643	0.581808
0.344173	0.00001	0.00001	0.00001	0.655797
0.422558	0.011392	0.00001	0.000721	0.565319
0.44389	0.00001	0.00001	0.00001	0.55608
0.397324	0.004049	0.007697	0.055483	0.535447
0.317095	0.028048	0.149522	0.010073	0.495261
0.362604	0.00001	0.00001	0.00001	0.637366
0.291	0.403018	0.00001	0.010001	0.29597
0.411523	0.00001	0.00001	0.005017	0.58344
0.333835	0.06832	0.252404	0.011941	0.3335
0.323206	0.00001	0.397789	0.00001	0.278985
0.464259	0.00001	0.00001	0.016126	0.519596
0.316907	0.00001	0.352981	0.00001	0.330092
0.371082	0.140836	0.00001	0.016579	0.471492
0.369248	0.04687	0.015488	0.052145	0.516248
0.558411	0.003101	0.004162	0.00001	0.434316
0.357633	0.144477	0.06491	0.020639	0.412342
0.303002	0.00001	0.00001	0.059012	0.637966
0.482962	0.00001	0.00001	0.000011	0.517007
0.400641	0.00001	0.00001	0.00001	0.599329
0.442159	0.00001	0.00001	0.038532	0.519289
0.389336	0.00001	0.00001	0.028445	0.582198
0.449272	0.00001	0.00001	0.008399	0.542309
0.301458	0.214158	0.081533	0.036447	0.366404
0.325624	0.484482	0.00001	0.00335	0.186534
0.445204	0.00001	0.00001	0.00001	0.554766
0.331046	0.00001	0.00001	0.00001	0.668924
0.420981	0.059719	0.040671	0.012667	0.465963
0.441807	0.00001	0.031176	0.00001	0.526996
0.380075	0.00491	0.00001	0.037796	0.577209
0.424462	0.00001	0.00001	0.00001	0.575508
0.391238	0.01328	0.00001	0.006838	0.588635
0.457933	0.00001	0.00001	0.024956	0.517091
0.435603	0.00001	0.00001	0.011913	0.552464
0.204288	0.294082	0.00001	0.022995	0.478625
0.412041	0.00001	0.409475	0.00001	0.178465
0.32705	0.00001	0.194189	0.001301	0.47745
0.325966	0.00001	0.00001	0.027719	0.646295
0.436222	0.00001	0.00001	0.011993	0.551765
0.63167	0.117192	0.00001	0.00001	0.251118
0.420011	0.00001	0.00001	0.00001	0.579959
0.379093	0.001236	0.00001	0.017892	0.601768
0.324138	0.00001	0.540008	0.00001	0.135834
0.395813	0.00001	0.056528	0.003775	0.543874
0.390814	0.00001	0.00001	0.046917	0.562249
0.389137	0.072101	0.10349	0.00001	0.435263
0.424266	0.052271	0.027087	0.004529	0.491846
0.045224	0.49314	0.00001	0.00001	0.461616
0.307574	0.351172	0.00001	0.020639	0.320605
0.422034	0.00001	0.00001	0.00001	0.577936
0.457726	0.00001	0.00001	0.056363	0.485891
0.428989	0.015422	0.00001	0.011412	0.544167
0.196931	0.529203	0.00001	0.00001	0.273846
0.494041	0.00001	0.00001	0.00001	0.505929
0.457927	0.005653	0.04733	0.00001	0.48908
0.423062	0.00001	0.00001	0.00001	0.576908
0.420612	0.00001	0.00001	0.00001	0.579358
0.446271	0.00001	0.000072	0.033649	0.519998
0.100115	0.028368	0.046824	0.100819	0.723873
0.392675	0.01884	0.015682	0.015613	0.55719
0.426816	0.021881	0.010601	0.033496	0.507206
0.43306	0.00375	0.00001	0.001056	0.562124
0.425199	0.00001	0.00001	0.00001	0.574771
0.306764	0.00001	0.00001	0.026062	0.667154
0.364956	0.050489	0.214038	0.012344	0.358172
0.46859	0.00001	0.375266	0.00001	0.156124
0.433536	0.00001	0.00001	0.00001	0.566434
0.329396	0.00001	0.00001	0.00001	0.670574
0.382547	0.081637	0.200274	0.01813	0.317411
0.388278	0.010694	0.031154	0.043208	0.526666
0.326636	0.00001	0.500682	0.00001	0.172662
0.350565	0.00001	0.00001	0.004468	0.644947
0.3954	0.0246	0.00001	0.00001	0.57998
0.369393	0.021171	0.00001	0.008945	0.600481
0.434786	0.00001	0.00001	0.00001	0.565184
0.459073	0.457644	0.00001	0.00001	0.083263
0.363449	0.000491	0.403629	0.00001	0.232421
0.314101	0.175016	0.208371	0.00001	0.302502
0.359022	0.003695	0.00001	0.028085	0.609189
0.418705	0.00001	0.00001	0.024361	0.556914
0.366058	0.403801	0.00001	0.00001	0.230122
0.472219	0.00001	0.00001	0.03145	0.496311
0.426229	0.00001	0.00001	0.00001	0.573741
0.316326	0.144271	0.020464	0.011813	0.507126
0.325375	0.033726	0.127169	0.144471	0.369259
0.348075	0.259879	0.036423	0.05707	0.298554
0.451525	0.00001	0.00001	0.022353	0.526102
0.398883	0.00001	0.0119	0.013141	0.576065
0.415142	0.00001	0.00001	0.058278	0.52656
0.423686	0.00001	0.00001	0.033268	0.543027
0.417864	0.00001	0.047949	0.068185	0.465992
0.419496	0.039872	0.018586	0.064291	0.457755
0.454625	0.00001	0.00001	0.00001	0.545345
0.205988	0.031008	0.166875	0.135935	0.460194
0.368278	0.000118	0.191819	0.00001	0.439776
0.440185	0.00001	0.00001	0.00001	0.559785
0.322224	0.00001	0.00001	0.054962	0.622795
0.384835	0.021196	0.00001	0.075703	0.518256
0.399669	0.00001	0.00597	0.013181	0.58117
0.418805	0.00001	0.00001	0.00001	0.581165
0.444428	0.00001	0.00001	0.00001	0.555542
0.336739	0.005267	0.421797	0.005492	0.230705
0.404083	0.00001	0.00001	0.00001	0.595887
0.4326	0.00001	0.00001	0.00001	0.56737
0.389908	0.00001	0.00001	0.005841	0.604231
0.278485	0.00068	0.00001	0.057751	0.663075
0.213533	0.00001	0.00001	0.007679	0.778768
0.424085	0.00001	0.00001	0.00001	0.575885
0.500854	0.00001	0.00001	0.00001	0.499116
0.419107	0.00001	0.00001	0.001013	0.579859
0.404447	0.00001	0.00001	0.009432	0.586101
0.234891	0.479571	0.00001	0.00001	0.285518
0.360407	0.271789	0.00001	0.001649	0.366146
0.225272	0.549752	0.00001	0.019389	0.205577
0.282113	0.042346	0.10465	0.033917	0.536974
0.470315	0.00001	0.00001	0.00001	0.529655
0.348955	0.00001	0.00001	0.00001	0.651015
0.250826	0.513455	0.00001	0.00001	0.235699
0.326817	0.00001	0.00001	0.00001	0.673153
0.275778	0.029192	0.03846	0.080425	0.576145
0.336713	0.020224	0.00001	0.016759	0.626294
0.286634	0.586068	0.00001	0.00001	0.127278
0.41972	0.039579	0.00001	0.038589	0.502103
0.336682	0.00001	0.00001	0.004711	0.658587
0.485181	0.00001	0.00001	0.00001	0.514789
0.332979	0.00001	0.00001	0.00001	0.666991
0.33237	0.015455	0.00001	0.100083	0.552082
0.464854	0.00001	0.00001	0.022961	0.512165
0.291484	0.010941	0.148511	0.065459	0.483605
0.253492	0.085384	0.240852	0.090419	0.329853
0.433709	0.00001	0.00001	0.00001	0.566261
0.299786	0.565878	0.00001	0.00001	0.134316
0.291885	0.424428	0.00001	0.031711	0.251966
0.322254	0.473581	0.00001	0.019108	0.185047
0.484725	0.00001	0.00001	0.034807	0.480448
0.294978	0.002421	0.00001	0.0884	0.614192
0.097882	0.511838	0.00001	0.00001	0.390259
0.283427	0.094493	0.072575	0.120552	0.428953
0.432801	0.00001	0.00001	0.005489	0.56169
0.33964	0.001411	0.00001	0.00001	0.658929
0.337977	0.00001	0.00001	0.008242	0.653761
0.345303	0.00001	0.029274	0.070639	0.554774
0.436238	0.107811	0.00001	0.00001	0.455931
0.42445	0.001153	0.00001	0.00001	0.574377
0.465624	0.00001	0.00001	0.027964	0.506393
0.27514	0.081377	0.00001	0.032493	0.610979
0.33596	0.418621	0.00001	0.00001	0.245399
0.483137	0.02228	0.00001	0.003734	0.490839
0.44297	0.00001	0.00001	0.00001	0.557
0.469933	0.002521	0.00001	0.03141	0.496126
0.42815	0.00001	0.265947	0.00001	0.305883
0.409668	0.00001	0.00001	0.012163	0.578149
0.307253	0.276683	0.00001	0.00001	0.416044
0.165304	0.581745	0.00001	0.045204	0.207736
0.455279	0.014456	0.019223	0.032668	0.478374
0.508077	0.00001	0.00001	0.00001	0.491893
0.314297	0.011606	0.00512	0.067539	0.601437
0.1997	0.549044	0.251236	0.00001	0.00001
0.339986	0.020373	0.00001	0.006611	0.63302
0.39135	0.00001	0.00001	0.00001	0.60862
0.364666	0.00001	0.000015	0.005084	0.630225
0.410198	0.00001	0.00001	0.019105	0.570677
0.31414	0.011855	0.034392	0.092099	0.547514
0.210664	0.00001	0.746163	0.00001	0.043153
0.354477	0.00001	0.00001	0.00001	0.645493
0.389699	0.00001	0.00001	0.00001	0.610271
0.407555	0.00001	0.00001	0.00001	0.592415
0.318941	0.00001	0.00001	0.018817	0.662222
0.284776	0.517184	0.00001	0.00001	0.19802
0.292964	0.544605	0.00001	0.005862	0.156559
0.400459	0.058264	0.146841	0.007833	0.386603
0.356147	0.00001	0.327122	0.021272	0.295449
0.43858	0.00001	0.00001	0.00001	0.56139
0.432372	0.00001	0.00001	0.00001	0.567598
0.42118	0.00001	0.00001	0.041772	0.537028
0.357268	0.00001	0.00001	0.00001	0.642702
0.375812	0.337543	0.00001	0.00001	0.286625
0.369714	0.00001	0.00001	0.018558	0.611708
0.392747	0.00001	0.464992	0.00001	0.142241
0.458934	0.00001	0.097226	0.039278	0.404553
0.219876	0.472154	0.00001	0.013396	0.294564
0.467645	0.00001	0.025979	0.005885	0.500482
0.368457	0.00001	0.00001	0.00001	0.631513
0.446987	0.00001	0.00001	0.0193	0.533692
0.461815	0.00001	0.00001	0.00001	0.538155
0.299945	0.3606	0.00001	0.00001	0.339434
0.37356	0.005221	0.00001	0.003243	0.617966
0.395127	0.058187	0.107512	0.00001	0.439164
0.314213	0.00001	0.00001	0.025971	0.659796
0.462075	0.00001	0.00001	0.00001	0.537895
0.341085	0.00001	0.097832	0.021129	0.539944
0.494719	0.00001	0.00001	0.00001	0.505251
0.46809	0.00001	0.00001	0.00001	0.53188
0.35881	0.425141	0.00001	0.00001	0.216029
0.488645	0.001841	0.00001	0.00001	0.509494
0.351315	0.00001	0.00001	0.019479	0.629186
0.354143	0.00001	0.00001	0.002923	0.642913
0.265756	0.400423	0.00001	0.00001	0.333801
0.459455	0.010512	0.040133	0.065266	0.424633
0.360072	0.00001	0.00001	0.00001	0.639898
0.443045	0.00001	0.00001	0.040261	0.516674
0.394095	0.00001	0.00001	0.026337	0.579548
0.385462	0.007227	0.01656	0.055195	0.535556
0.314811	0.01402	0.16725	0.00001	0.503909
0.486576	0.00001	0.00001	0.00117	0.512234
0.280629	0.015494	0.012632	0.045663	0.645582
0.319986	0.00001	0.326097	0.009116	0.344791
0.469061	0.00001	0.00001	0.00001	0.530909
0.385977	0.051143	0.298567	0.033307	0.231006
0.313698	0.017988	0.143868	0.076715	0.447731
0.42498	0.042581	0.00001	0.069588	0.462841
0.327555	0.00001	0.00001	0.00001	0.672415
0.340112	0.015662	0.00001	0.018464	0.625751
0.325007	0.00001	0.00001	0.00001	0.674963
0.286594	0.084612	0.00001	0.040964	0.587821
0.326638	0.00001	0.00001	0.00001	0.673332
0.152212	0.525017	0.00001	0.003342	0.319419
0.369999	0.00001	0.131956	0.00001	0.498026
0.320361	0.00001	0.00001	0.03331	0.646309
0.402109	0.00001	0.00001	0.00001	0.597861
0.364672	0.005657	0.00001	0.016191	0.61347
0.345098	0.00001	0.00001	0.019396	0.635487
0.464117	0.00001	0.00001	0.00001	0.535853
0.306372	0.00001	0.00001	0.00001	0.693598
0.471619	0.00001	0.00001	0.004377	0.523984
0.307393	0.013889	0.006194	0.081028	0.591497
0.376933	0.00001	0.00001	0.003253	0.619794
0.25142	0.294023	0.040101	0.008435	0.406021
0.459055	0.00001	0.00001	0.044914	0.496011
0.335764	0.083143	0.013079	0.049156	0.518858
0.282311	0.024296	0.180373	0.00001	0.51301
0.333451	0.00001	0.00001	0.00255	0.663979
0.283591	0.078311	0.00001	0.068773	0.569315
0.415524	0.00001	0.00001	0.00001	0.584446
0.212555	0.38384	0.00001	0.00001	0.403586
0.293767	0.00001	0.00001	0.00001	0.706203
0.328097	0.00001	0.251081	0.00001	0.420802
0.246031	0.024006	0.064337	0.0315	0.634126
0.318403	0.155617	0.013445	0.00001	0.512525
0.284093	0.071777	0.315688	0.00001	0.328432
0.30233	0.00001	0.00001	0.027568	0.670082
0.329546	0.00001	0.00001	0.00001	0.670424
0.318565	0.00001	0.00001	0.00001	0.681405
0.293235	0.00001	0.00001	0.030154	0.676591
0.136497	0.09895	0.135261	0.067261	0.562031
0.264336	0.00001	0.491182	0.00001	0.244462
0.236086	0.064188	0.00001	0.014104	0.685612
0.274363	0.064745	0.186769	0.00001	0.474114
0.380657	0.021857	0.00001	0.026553	0.570922
0.338811	0.024486	0.00001	0.051485	0.585208
0.309265	0.07661	0.00001	0.047133	0.566982
0.300037	0.00001	0.00001	0.00001	0.699933
0.409022	0.044048	0.005589	0.067161	0.474181
0.358195	0.303723	0.00001	0.014782	0.323291
0.419265	0.00001	0.00001	0.004068	0.576647
0.308327	0.002741	0.004057	0.028567	0.656307
0.417772	0.00001	0.00001	0.00001	0.582198
0.370016	0.017111	0.015338	0.044025	0.55351
0.476467	0.00001	0.00001	0.00001	0.523503
0.282639	0.449876	0.115244	0.027244	0.124998
0.410436	0.156454	0.032739	0.051428	0.348943
0.40534	0.00001	0.00001	0.00001	0.59463
0.415923	0.00001	0.00001	0.00001	0.584047
0.357375	0.041302	0.00001	0.00001	0.601303
0.59374	0.00001	0.00001	0.00001	0.40623
0.417968	0.00001	0.00001	0.007538	0.574473
0.444354	0.011413	0.004375	0.093297	0.446561
0.339417	0.00001	0.00001	0.083256	0.577307
0.29348	0.439769	0.007596	0.019875	0.239279
0.396362	0.00001	0.00001	0.00001	0.603608
0.404506	0.022747	0.012246	0.00001	0.560491
0.357197	0.00001	0.011456	0.035122	0.596216
0.393719	0.00001	0.00001	0.00001	0.606251
0.430865	0.00001	0.00001	0.00001	0.569105
0.119329	0.671145	0.147312	0.062204	0.00001
0.455227	0.00001	0.00001	0.008755	0.535997
0.344146	0.00001	0.00001	0.031045	0.624789
0.371401	0.00001	0.00001	0.004263	0.624316
0.45642	0.00001	0.00001	0.00001	0.54355
0.427271	0.0048	0.00001	0.011091	0.556827
0.335459	0.032726	0.631795	0.00001	0.00001
0.43438	0.00001	0.00001	0.003123	0.562477
0.426973	0.00001	0.00001	0.00001	0.572997
