0.00001	0.99998	0.00001
0.016763	0.891451	0.091786
0.00001	0.99998	0.00001
0.00001	0.99998	0.00001
0.00001	0.981892	0.018098
0.00001	0.99998	0.00001
0.00001	0.99998	0.00001
0.009943	0.811801	0.178255
0.00001	0.99998	0.00001
0.008066	0.954299	0.037636
0.00001	0.99998	0.00001
0.04524	0.859088	0.095672
0.00001	0.99998	0.00001
0.006779	0.993211	0.00001
0.00001	0.99998	0.00001
0.00001	0.99998	0.00001
0.038377	0.961613	0.00001
0.00001	0.99998	0.00001
0.055758	0.767511	0.176731
0.003219	0.968859	0.027922
0.029308	0.916213	0.054479
0.010304	0.989686	0.00001
0.00001	0.99998	0.00001
0.00001	0.99998	0.00001
0.022486	0.814237	0.163277
0.004314	0.995676	0.00001
0.00001	0.99998	0.00001
0.00001	0.999296	0.000694
0.00001	0.99998	0.00001
0.005141	0.99061	0.004249
0.004857	0.915917	0.079227
0.00001	0.99998	0.00001
0.00001	0.99998	0.00001
0.00001	0.99998	0.00001
0.00001	0.99998	0.00001
0.00001	0.99998	0.00001
0.00001	0.99998	0.00001
0.000529	0.947738	0.051733
0.060937	0.918636	0.020427
0.00001	0.99998	0.00001
0.050335	0.797265	0.152401
0.00001	0.99998	0.00001
0.007359	0.992631	0.00001
0.00001	0.99998	0.00001
0.00001	0.933942	0.066048
0.00001	0.99998	0.00001
0.037789	0.961249	0.000962
0.00001	0.99998	0.00001
0.00001	0.99998	0.00001
0.00001	0.969811	0.030179
0.00001	0.99998	0.00001
0.00001	0.986678	0.013312
0.00001	0.99998	0.00001
0.00001	0.99998	0.00001
0.00001	0.957794	0.042196
0.00001	0.99998	0.00001
0.00001	0.99998	0.00001
0.017287	0.891132	0.091581
0.00001	0.99998	0.00001
0.011876	0.988114	0.00001
0.00001	0.99998	0.00001
0.00001	0.99998	0.00001
0.00001	0.99998	0.00001
0.00001	0.99998	0.00001
0.040666	0.791838	0.167496
0.02311	0.904458	0.072432
0.00001	0.99998	0.00001
0.014447	0.985543	0.00001
0.00001	0.583087	0.416903
0.00001	0.99998	0.00001
0.004899	0.916955	0.078146
0.00001	0.99998	0.00001
0.00001	0.99998	0.00001
0.00001	0.99998	0.00001
0.012858	0.987132	0.00001
0.00001	0.99998	0.00001
0.00001	0.99998	0.00001
0.00001	0.99998	0.00001
0.00001	0.99998	0.00001
0.020001	0.83041	0.149589
0.00001	0.99998	0.00001
0.00001	0.99998	0.00001
0.00001	0.99998	0.00001
0.009305	0.990685	0.00001
0.025856	0.894574	0.07957
0.00001	0.984858	0.015132
0.00001	0.99998	0.00001
0.00001	0.99998	0.00001
0.144478	0.760195	0.095327
0.00001	0.986655	0.013335
0.004644	0.984949	0.010407
0.034397	0.850865	0.114739
0.00001	0.99998	0.00001
0.00001	0.99998	0.00001
0.00001	0.99998	0.00001
0.00001	0.99998	0.00001
0.00001	0.99998	0.00001
0.00001	0.99998	0.00001
0.00001	0.99998	0.00001
0.124748	0.726371	0.148881
0.00175	0.99824	0.00001
0.00001	0.99998	0.00001
0.00001	0.99998	0.00001
0.00001	0.99998	0.00001
0.919495	0.00001	0.080495
0.825667	0.174323	0.00001
0.99998	0.00001	0.00001
0.839939	0.160051	0.00001
0.743648	0.051524	0.204828
0.850342	0.036484	0.113174
0.763292	0.236698	0.00001
0.812832	0.187158	0.00001
0.860278	0.134844	0.004879
0.867739	0.002951	0.12931
0.875292	0.00001	0.124698
0.863803	0.042907	0.09329
0.877828	0.122162	0.00001
0.863099	0.055512	0.081389
0.869312	0.08601	0.044677
0.841624	0.00001	0.158366
0.867062	0.00001	0.132928
0.612655	0.053349	0.333996
0.866307	0.071561	0.062132
0.808486	0.073383	0.118131
0.83395	0.15479	0.01126
0.896479	0.01094	0.092581
0.875255	0.062923	0.061823
0.872287	0.020351	0.107363
0.84312	0.138838	0.018042
0.829537	0.139069	0.031393
0.684134	0.00001	0.315856
0.820779	0.179211	0.00001
0.892541	0.010719	0.096741
0.876697	0.123293	0.00001
0.90203	0.00001	0.09796
0.863337	0.00001	0.136653
0.849762	0.00001	0.150228
0.849488	0.020351	0.130161
0.854449	0.074518	0.071033
0.839839	0.058183	0.101978
0.855859	0.030719	0.113422
0.876847	0.099185	0.023968
0.854937	0.00001	0.145053
0.901531	0.033013	0.065455
0.824103	0.092342	0.083555
0.84264	0.027215	0.130145
0.870176	0.02764	0.102185
0.888461	0.08755	0.023989
0.788111	0.211879	0.00001
0.898807	0.000987	0.100207
0.809236	0.154832	0.035932
0.801195	0.198795	0.00001
0.692482	0.00001	0.307508
0.79882	0.025915	0.175266
0.74162	0.027549	0.230831
0.89967	0.00001	0.10032
0.849508	0.149411	0.001081
0.86105	0.009875	0.129075
0.879653	0.065445	0.054902
0.832807	0.119188	0.048005
0.869106	0.044451	0.086443
0.790104	0.209886	0.00001
0.763626	0.236364	0.00001
0.866454	0.04396	0.089585
0.768309	0.165501	0.06619
0.820148	0.123571	0.056281
0.771009	0.026146	0.202845
0.855398	0.00001	0.144592
0.842184	0.132927	0.02489
0.887742	0.013632	0.098627
0.882946	0.033608	0.083447
0.814793	0.15663	0.028576
0.876098	0.00762	0.116282
0.827184	0.168587	0.004229
0.86231	0.03517	0.10252
0.828365	0.006755	0.16488
0.811634	0.009502	0.178864
0.847536	0.00001	0.152454
0.88556	0.11443	0.00001
0.832392	0.167598	0.00001
0.851886	0.022114	0.126001
0.881999	0.036571	0.08143
0.823883	0.018704	0.157414
0.836697	0.090898	0.072405
0.886865	0.00001	0.113125
0.857239	0.071364	0.071397
0.824028	0.133815	0.042157
0.835861	0.163962	0.000176
0.848836	0.00001	0.151154
0.876434	0.123556	0.00001
0.799261	0.143787	0.056952
0.828065	0.061866	0.110069
0.83383	0.119467	0.046702
0.832252	0.165188	0.00256
0.843683	0.156307	0.00001
0.797543	0.202447	0.00001
0.832973	0.070965	0.096062
0.797171	0.023452	0.179378
0.82892	0.056288	0.114791
0.847083	0.141579	0.011339
0.886756	0.016892	0.096351
0.862909	0.019424	0.117667
0.799702	0.147061	0.053237
0.99998	0.00001	0.00001
0.982549	0.017441	0.00001
0.99998	0.00001	0.00001
0.935889	0.00001	0.064101
0.99998	0.00001	0.00001
0.99998	0.00001	0.00001
0.996902	0.00001	0.003088
0.99998	0.00001	0.00001
0.978179	0.00001	0.021811
0.980787	0.00001	0.019203
0.99998	0.00001	0.00001
0.99998	0.00001	0.00001
0.99998	0.00001	0.00001
0.984172	0.015818	0.00001
0.99998	0.00001	0.00001
0.99998	0.00001	0.00001
0.981295	0.002257	0.016447
0.829763	0.00001	0.170227
0.99998	0.00001	0.00001
0.99998	0.00001	0.00001
0.99998	0.00001	0.00001
0.990755	0.009235	0.00001
0.99998	0.00001	0.00001
0.994922	0.00001	0.005068
0.99998	0.00001	0.00001
0.974972	0.010221	0.014806
0.974118	0.025872	0.00001
0.99998	0.00001	0.00001
0.99998	0.00001	0.00001
0.989665	0.010325	0.00001
0.957735	0.00001	0.042255
0.99998	0.00001	0.00001
0.99998	0.00001	0.00001
0.99998	0.00001	0.00001
0.970396	0.029594	0.00001
0.972977	0.027013	0.00001
0.97808	0.02191	0.00001
0.99998	0.00001	0.00001
0.99998	0.00001	0.00001
0.99998	0.00001	0.00001
0.959769	0.016935	0.023295
0.971609	0.00001	0.028381
0.99998	0.00001	0.00001
0.99998	0.00001	0.00001
0.937236	0.062754	0.00001
0.926535	0.00001	0.073455
0.99998	0.00001	0.00001
0.995527	0.00001	0.004463
0.887207	0.00001	0.112783
0.954921	0.00001	0.045069
0.99998	0.00001	0.00001
0.963842	0.036148	0.00001
0.99998	0.00001	0.00001
0.919376	0.028825	0.051799
0.99998	0.00001	0.00001
0.99998	0.00001	0.00001
0.99998	0.00001	0.00001
0.99998	0.00001	0.00001
0.98886	0.00001	0.01113
0.941947	0.006036	0.052017
0.99998	0.00001	0.00001
0.999708	0.00001	0.000282
0.981052	0.00001	0.018938
0.99998	0.00001	0.00001
0.957506	0.00001	0.042484
0.99998	0.00001	0.00001
0.991828	0.00001	0.008162
0.945703	0.054287	0.00001
0.99998	0.00001	0.00001
0.873575	0.00001	0.126415
0.98838	0.00001	0.01161
0.956159	0.03122	0.012621
0.99998	0.00001	0.00001
0.482206	0.052894	0.4649
0.99998	0.00001	0.00001
0.99998	0.00001	0.00001
0.931896	0.040267	0.027838
0.936747	0.063243	0.00001
0.99998	0.00001	0.00001
0.985364	0.014626	0.00001
0.982177	0.017813	0.00001
0.989178	0.010812	0.00001
0.99998	0.00001	0.00001
0.848918	0.00001	0.151072
0.903251	0.00001	0.096739
0.99998	0.00001	0.00001
0.957983	0.042007	0.00001
0.9808	0.01919	0.00001
0.951655	0.048335	0.00001
0.99998	0.00001	0.00001
0.993977	0.006013	0.00001
0.99998	0.00001	0.00001
0.982605	0.00001	0.017385
0.644487	0.00001	0.355503
0.631386	0.00001	0.368604
0.577146	0.072801	0.350053
0.55837	0.133866	0.307765
0.628333	0.00001	0.371657
0.567515	0.00001	0.432475
0.579572	0.00001	0.420418
0.557555	0.00001	0.442435
0.553597	0.001573	0.44483
0.620135	0.057149	0.322716
0.565481	0.00001	0.434509
0.607767	0.00001	0.392223
0.624461	0.00001	0.375529
0.554429	0.00001	0.445561
0.587414	0.00001	0.412576
0.602967	0.00001	0.397023
0.573569	0.00001	0.426421
0.591625	0.00001	0.408365
0.601987	0.023386	0.374627
0.573046	0.00001	0.426944
0.585698	0.024404	0.389898
0.560162	0.00001	0.439828
0.584978	0.00001	0.415012
0.654	0.00001	0.34599
0.572849	0.00001	0.427141
0.620282	0.00001	0.379708
0.603913	0.00001	0.396077
0.638612	0.00001	0.361378
0.399928	0.00001	0.600062
0.438586	0.00001	0.561404
0.383809	0.00001	0.616181
0.408143	0.00001	0.591847
0.433001	0.056488	0.510511
0.41437	0.00001	0.58562
0.538064	0.00001	0.461926
0.435582	0.00001	0.564408
0.433604	0.006371	0.560025
0.439539	0.00001	0.560451
0.409831	0.003008	0.587162
0.376909	0.00001	0.623081
0.413035	0.010282	0.576683
0.417444	0.00001	0.582546
0.383025	0.028652	0.588324
0.443327	0.00001	0.556663
0.414079	0.006807	0.579115
0.306066	0.007082	0.686851
0.449073	0.00001	0.550917
0.37977	0.00001	0.62022
0.427414	0.00001	0.572576
0.403132	0.000755	0.596113
0.041976	0.171675	0.786349
0.463179	0.00001	0.536811
0.404532	0.00001	0.595458
0.402863	0.00001	0.597127
0.557405	0.11385	0.328745
0.354025	0.026491	0.619484
0.314285	0.230601	0.455114
0.39711	0.00001	0.60288
0.414742	0.013924	0.571333
0.447554	0.00001	0.552436
0.366655	0.125048	0.508297
0.338903	0.200172	0.460925
0.412393	0.00001	0.587597
0.478811	0.00001	0.521179
0.435964	0.00001	0.564026
0.422572	0.00001	0.577418
0.455418	0.041315	0.503267
0.409888	0.126166	0.463946
0.419145	0.018695	0.56216
0.464945	0.00001	0.535045
0.427306	0.00001	0.572684
0.350251	0.138284	0.511465
0.441928	0.00001	0.558062
0.467931	0.00001	0.532059
0.38382	0.025955	0.590224
0.438695	0.00001	0.561295
0.474195	0.00001	0.525795
0.425597	0.00001	0.574393
0.403185	0.00001	0.596805
0.436653	0.006387	0.55696
0.382449	0.1014	0.516151
0.417615	0.00001	0.582375
0.476437	0.00001	0.523553
0.403887	0.00001	0.596103
0.43484	0.00001	0.56515
0.436378	0.069053	0.494569
0.405075	0.00001	0.594915
0.469274	0.00001	0.530716
0.449051	0.00001	0.550939
0.423327	0.00001	0.576663
0.412476	0.122496	0.465029
0.432028	0.00001	0.567962
0.495453	0.00001	0.504537
0.409332	0.00001	0.590658
0.462633	0.02533	0.512036
0.387353	0.14243	0.470217
0.449959	0.039658	0.510383
0.378998	0.169151	0.451851
0.453604	0.00001	0.546386
0.428259	0.00001	0.571731
0.411419	0.00001	0.588571
0.460398	0.026102	0.513501
0.464578	0.075581	0.459841
0.406845	0.00001	0.593145
0.432981	0.041655	0.525364
0.0638	0.139437	0.796763
0.002163	0.237158	0.76068
0.293206	0.141394	0.5654
0.259016	0.119399	0.621585
0.110301	0.077278	0.812421
0.547686	0.00001	0.452304
0.063042	0.110191	0.826768
0.035694	0.280726	0.68358
0.029438	0.081407	0.889155
0.309038	0.0168	0.674162
0.295663	0.049375	0.654963
0.065306	0.114546	0.820148
0.045414	0.203725	0.750861
0.184474	0.00001	0.815516
0.104478	0.014926	0.880596
0.505325	0.00001	0.494665
0.343461	0.025236	0.631303
0.33847	0.00001	0.66152
0.512184	0.00001	0.487806
0.050954	0.087297	0.861749
0.36126	0.00001	0.63873
0.196572	0.0845	0.718929
0.445818	0.00001	0.554172
0.303128	0.041251	0.65562
0.518711	0.012097	0.469192
0.282361	0.00001	0.717629
0.722856	0.00001	0.277134
0.372959	0.001765	0.625276
0.021411	0.24186	0.736729
0.075768	0.167179	0.757053
0.089019	0.302776	0.608205
0.015956	0.272269	0.711775
0.177626	0.13066	0.691713
0.061216	0.077453	0.861332
0.05159	0.161817	0.786593
0.069871	0.153088	0.777041
0.057448	0.124244	0.818308
0.445536	0.00001	0.554454
0.372515	0.00001	0.627475
0.067429	0.228467	0.704105
0.182321	0.044376	0.773304
0.096508	0.090855	0.812637
0.018924	0.224505	0.756571
0.094842	0.05649	0.848667
0.161743	0.150154	0.688103
0.049517	0.135503	0.814981
0.05026	0.094798	0.854942
0.463479	0.00001	0.536511
0.083196	0.049833	0.866971
0.250182	0.147721	0.602097
0.07223	0.169733	0.758037
0.011943	0.175303	0.812754
0.046493	0.123194	0.830312
0.04318	0.143542	0.813278
0.032603	0.118432	0.848964
0.119944	0.192727	0.687329
0.074589	0.079197	0.846214
0.391816	0.040067	0.568117
0.402728	0.079374	0.517898
0.066296	0.149966	0.783738
0.226093	0.018552	0.755355
0.033742	0.099933	0.866325
0.402869	0.002572	0.594559
0.076493	0.102015	0.821492
0.404983	0.124056	0.470961
0.37225	0.00001	0.62774
0.03002	0.264578	0.705402
0.06304	0.119623	0.817337
0.4444	0.00001	0.55559
0.023534	0.220075	0.75639
0.029563	0.162135	0.808302
0.069762	0.117833	0.812405
0.085939	0.09554	0.818521
0.391027	0.070323	0.53865
0.221198	0.192074	0.586729
0.081008	0.080192	0.8388
0.032376	0.219517	0.748107
0.347558	0.047733	0.604709
0.127833	0.219129	0.653038
0.323259	0.00001	0.676731
0.730521	0.00001	0.269469
0.427416	0.096224	0.47636
0.021992	0.223321	0.754688
0.063658	0.157702	0.77864
0.074357	0.096592	0.829051
0.415104	0.0067	0.578196
0.057618	0.233476	0.708906
0.453313	0.00001	0.546677
0.072642	0.073284	0.854075
0.04484	0.150941	0.804219
0.030839	0.115728	0.853433
0.046237	0.111908	0.841855
0.207204	0.037274	0.755522
0.323641	0.00001	0.676349
0.057774	0.163586	0.77864
0.098004	0.103906	0.79809
0.42698	0.00001	0.57301
0.175726	0.235953	0.588321
0.076931	0.050186	0.872883
0.057308	0.133762	0.80893
0.045746	0.123464	0.83079
0.424681	0.00001	0.575309
0.213708	0.123996	0.662296
0.668171	0.00001	0.331819
0.74328	0.00001	0.25671
0.71748	0.00001	0.28251
0.622576	0.00001	0.377414
0.650776	0.00001	0.349214
0.76456	0.00001	0.23543
0.71809	0.008655	0.273256
0.710477	0.00001	0.289513
0.684956	0.00001	0.315034
0.744243	0.00001	0.255747
0.795489	0.00001	0.204501
0.715917	0.00001	0.284073
0.695078	0.00001	0.304912
0.718367	0.00001	0.281623
0.707544	0.00001	0.292446
0.789432	0.00001	0.210558
0.643301	0.00001	0.356689
0.788943	0.00001	0.211047
0.742367	0.00001	0.257623
0.737555	0.00001	0.262435
0.754758	0.00001	0.245232
0.868836	0.00001	0.131154
0.770562	0.00001	0.229428
0.785286	0.00001	0.214704
0.804775	0.00001	0.195215
0.535703	0.014357	0.44994
0.565259	0.000054	0.434687
0.506666	0.175	0.318334
0.700144	0.00001	0.299846
0.703709	0.092554	0.203738
0.774545	0.00001	0.225445
0.745743	0.00001	0.254247
0.760539	0.014133	0.225329
0.797259	0.134807	0.067935
0.385262	0.10954	0.505197
0.817983	0.00001	0.182007
0.658599	0.00001	0.341391
0.630685	0.00001	0.369305
0.581426	0.00001	0.418564
0.780964	0.124996	0.09404
0.869399	0.00001	0.130591
0.868588	0.014472	0.116939
0.930659	0.00001	0.069331
0.829582	0.00001	0.170408
0.796837	0.00001	0.203153
0.941413	0.00001	0.058577
0.644282	0.00001	0.355708
0.833086	0.010734	0.15618
0.881663	0.00001	0.118327
0.862364	0.00001	0.137626
0.780771	0.00001	0.219219
0.876178	0.00001	0.123812
0.712481	0.00001	0.287509
0.504664	0.00001	0.495326
0.813331	0.00001	0.186659
0.662126	0.00001	0.337864
0.836539	0.020529	0.142933
0.862847	0.00001	0.137143
0.825276	0.00001	0.174714
0.852126	0.00001	0.147864
0.783831	0.053752	0.162417
0.985061	0.00001	0.014929
0.894503	0.00001	0.105487
0.708559	0.016122	0.27532
0.142802	0.027707	0.829491
0.637125	0.00001	0.362865
0.697817	0.00001	0.302173
0.490851	0.00001	0.509139
0.385845	0.170531	0.443623
0.704148	0.00071	0.295142
0.709654	0.00001	0.290336
0.650078	0.00001	0.349912
0.413699	0.142641	0.443661
0.53604	0.00001	0.46395
0.472546	0.00001	0.527444
0.752018	0.00001	0.247972
0.399224	0.164655	0.436122
0.396057	0.00001	0.603933
0.459689	0.00001	0.540301
0.473045	0.171745	0.355209
0.682486	0.00001	0.317504
0.606922	0.00001	0.393068
0.520838	0.00001	0.479152
0.478938	0.021761	0.4993
0.438417	0.016344	0.545239
0.740228	0.012674	0.247098
0.68428	0.00001	0.31571
0.668383	0.00001	0.331607
0.681377	0.093312	0.225311
0.468273	0.00001	0.531717
0.724997	0.00001	0.274993
0.729965	0.00001	0.270025
0.670914	0.00001	0.329076
0.671118	0.00001	0.328872
0.406501	0.026121	0.567377
0.629276	0.00001	0.370714
0.263058	0.031269	0.705673
0.393082	0.010603	0.596316
0.631481	0.044292	0.324227
0.529249	0.00001	0.470741
0.556	0.00001	0.44399
0.443806	0.145741	0.410453
0.791036	0.00001	0.208954
0.427137	0.00001	0.572853
0.632582	0.137502	0.229915
0.45617	0.08355	0.46028
0.450972	0.00001	0.549018
0.479743	0.00001	0.520247
0.361992	0.042602	0.595407
0.463566	0.00001	0.536424
0.529762	0.00001	0.470228
0.481993	0.043213	0.474794
0.403622	0.00001	0.596368
0.43994	0.0774	0.48266
0.378952	0.00001	0.621038
0.446972	0.00001	0.553018
0.46646	0.00001	0.53353
0.412768	0.00001	0.587222
0.501409	0.00001	0.498581
0.238902	0.00001	0.761088
0.491097	0.006321	0.502582
0.179535	0.076108	0.744357
0.404712	0.075924	0.519365
0.337769	0.007719	0.654513
0.396673	0.00001	0.603317
0.435113	0.00001	0.564877
0.32448	0.00001	0.67551
0.60064	0.00001	0.39935
0.384781	0.00001	0.615209
0.263738	0.207653	0.528608
0.401375	0.00001	0.598615
0.378151	0.124013	0.497836
0.544547	0.00001	0.455443
0.505501	0.00001	0.494489
0.419512	0.00001	0.580478
0.44423	0.00001	0.55576
0.391082	0.00001	0.608908
0.40332	0.00001	0.59667
0.442388	0.00001	0.557602
0.441528	0.008122	0.55035
0.372538	0.00001	0.627452
0.467112	0.00001	0.532878
0.436938	0.012319	0.550743
0.379208	0.128249	0.492542
0.300473	0.009183	0.690344
0.127434	0.046661	0.825904
0.408775	0.00001	0.591215
0.40084	0.00001	0.59915
0.339076	0.00001	0.660914
0.445741	0.00001	0.554249
0.464449	0.00001	0.535541
0.419193	0.00001	0.580797
0.330719	0.093105	0.576176
0.368551	0.00001	0.631439
0.435857	0.00001	0.564133
0.427182	0.00001	0.572808
0.373274	0.117302	0.509424
0.352359	0.157506	0.490135
0.485861	0.00001	0.514129
0.337694	0.156981	0.505325
0.431626	0.00001	0.568364
0.398674	0.016015	0.585311
0.595433	0.00001	0.404557
0.414534	0.034805	0.550662
0.30324	0.021307	0.675452
0.504933	0.00001	0.495057
0.41343	0.00001	0.58656
0.472211	0.00001	0.527779
0.405143	0.00001	0.594847
0.47461	0.00001	0.52538
0.378379	0.078317	0.543304
0.500009	0.00001	0.499981
0.46432	0.00001	0.53567
0.330117	0.00001	0.669873
0.459877	0.00001	0.540113
0.463126	0.00001	0.536864
0.394075	0.007867	0.598058
0.441467	0.00001	0.558523
0.406784	0.00001	0.593206
0.482866	0.00001	0.517124
0.457422	0.00001	0.542568
0.289428	0.027961	0.682611
0.453655	0.148468	0.397877
0.331466	0.119946	0.548588
0.331465	0.00001	0.668525
0.449931	0.00001	0.550059
0.728253	0.00001	0.271737
0.436499	0.00001	0.563491
0.391547	0.00001	0.608443
0.369392	0.181489	0.44912
0.407222	0.04574	0.547039
0.409356	0.012645	0.577999
0.425289	0.070896	0.503815
0.457106	0.00001	0.542884
0.177239	0.00001	0.822751
0.432923	0.00001	0.567067
0.442094	0.00001	0.557896
0.491544	0.011246	0.49721
0.457056	0.00001	0.542934
0.361653	0.00001	0.638337
0.518231	0.00001	0.481759
0.481989	0.011853	0.506158
0.442194	0.00001	0.557796
0.439362	0.00001	0.560628
0.472988	0.00001	0.527002
0.071747	0.072505	0.855748
0.409243	0.021744	0.569013
0.455385	0.00001	0.544605
0.45298	0.00001	0.54701
0.446036	0.00001	0.553954
0.303742	0.00001	0.696248
0.396246	0.118768	0.484985
0.51513	0.176726	0.308144
0.454468	0.00001	0.545522
0.325905	0.00001	0.674085
0.427958	0.108507	0.463535
0.410723	0.00001	0.589267
0.363369	0.176201	0.46043
0.351374	0.00001	0.648616
0.408716	0.00001	0.591274
0.378599	0.00001	0.621391
0.454495	0.00001	0.545495
0.645086	0.00001	0.354904
0.390975	0.190064	0.418962
0.3853	0.076319	0.538381
0.369381	0.00001	0.630609
0.438473	0.00001	0.561517
0.513493	0.00001	0.486497
0.502695	0.00001	0.497295
0.435755	0.00001	0.564235
0.36014	0.025674	0.614186
0.352852	0.163702	0.483446
0.451875	0.033524	0.514601
0.478691	0.00001	0.521299
0.409957	0.002763	0.58728
0.436713	0.027423	0.535864
0.440854	0.00001	0.559136
0.44362	0.014404	0.541977
0.460089	0.00001	0.539901
0.475779	0.00001	0.524211
0.214645	0.170025	0.615329
0.381695	0.084818	0.533487
0.456186	0.00001	0.543804
0.324215	0.010256	0.665529
0.40774	0.028853	0.563406
0.412078	0.00001	0.587912
0.432969	0.00001	0.567021
0.466558	0.00001	0.533432
0.365886	0.196031	0.438083
0.411621	0.00001	0.588369
0.449575	0.00001	0.550415
0.402966	0.00001	0.597024
0.277555	0.010849	0.711595
0.191642	0.00001	0.808348
0.437666	0.00001	0.562324
0.524651	0.00001	0.475339
0.43467	0.00001	0.56532
0.419425	0.00001	0.580565
0.385936	0.00001	0.614054
0.462427	0.00001	0.537563
0.414896	0.005346	0.579758
0.29383	0.085436	0.620734
0.491939	0.00001	0.508051
0.346647	0.00001	0.653343
0.418599	0.00001	0.581391
0.325192	0.00001	0.674798
0.284127	0.030984	0.684889
0.341103	0.00001	0.658887
0.48957	0.00001	0.51042
0.45577	0.00001	0.54422
0.336088	0.00001	0.663902
0.509413	0.00001	0.490577
0.335893	0.00001	0.664097
0.350048	0.045685	0.604267
0.494398	0.00001	0.505592
0.300788	0.106925	0.592287
0.292907	0.182869	0.524224
0.452785	0.00001	0.547205
0.49958	0.00001	0.50041
0.445624	0.00861	0.545767
0.49093	0.006174	0.502895
0.514445	0.00001	0.485545
0.301064	0.045719	0.653217
0.247404	0.00001	0.752586
0.313356	0.164145	0.522499
0.449972	0.00001	0.550018
0.340366	0.00001	0.659624
0.340146	0.00001	0.659844
0.360294	0.0028	0.636906
0.495515	0.00001	0.504475
0.439577	0.00001	0.560413
0.49189	0.00001	0.5081
0.293341	0.00001	0.706649
0.482497	0.021972	0.495531
0.515844	0.00001	0.484146
0.46034	0.00001	0.53965
0.49967	0.006742	0.493588
0.459244	0.115969	0.424787
0.429024	0.00001	0.570966
0.398172	0.00001	0.601818
0.352055	0.016888	0.631057
0.483864	0.012667	0.503469
0.539112	0.00001	0.460878
0.318602	0.043469	0.63793
0.409889	0.120263	0.469847
0.346195	0.00001	0.653795
0.405178	0.00001	0.594812
0.367527	0.00001	0.632463
0.431762	0.00001	0.568228
0.326067	0.044134	0.629799
0.260281	0.233729	0.505991
0.356133	0.00001	0.643857
0.4052	0.00001	0.59479
0.421341	0.00001	0.578649
0.316491	0.00001	0.683499
0.464099	0.00001	0.535891
0.481228	0.00001	0.518762
0.436555	0.081778	0.481667
0.383215	0.160356	0.456429
0.459619	0.00001	0.540371
0.451641	0.00001	0.548349
0.446804	0.00001	0.553186
0.366444	0.00001	0.633546
0.503997	0.021462	0.47454
0.378031	0.00001	0.621959
0.439445	0.149741	0.410815
0.495134	0.003036	0.50183
0.363786	0.037916	0.598298
0.495301	0.002032	0.502667
0.366188	0.00001	0.633802
0.474963	0.00001	0.525027
0.483435	0.00001	0.516555
0.424427	0.011523	0.56405
0.378259	0.00001	0.621731
0.429827	0.072252	0.497921
0.314796	0.00001	0.685194
0.485298	0.00001	0.514692
0.34532	0.083134	0.571546
0.525667	0.00001	0.474323
0.492802	0.00001	0.507188
0.525665	0.00001	0.474325
0.51945	0.00001	0.48054
0.362284	0.00001	0.637706
0.360942	0.00001	0.639048
0.399894	0.00001	0.600096
0.494196	0.050799	0.455005
0.362219	0.00001	0.637771
0.46791	0.00001	0.53208
0.409	0.00001	0.59099
0.409304	0.00001	0.590686
0.325755	0.084572	0.589674
0.512888	0.00001	0.487102
0.283394	0.00001	0.716596
0.335196	0.176952	0.487851
0.495528	0.00001	0.504462
0.434414	0.167831	0.397754
0.328799	0.129443	0.541757
0.470853	0.00001	0.529137
0.326801	0.00001	0.673189
0.346759	0.00001	0.653231
0.320613	0.00001	0.679377
0.310271	0.018341	0.671388
0.324894	0.00001	0.675096
0.316491	0.001753	0.681756
0.378393	0.082693	0.538914
0.326502	0.003073	0.670426
0.41394	0.00001	0.58605
0.37389	0.00001	0.6261
0.34525	0.00001	0.65474
0.485651	0.00001	0.514339
0.296779	0.00001	0.703211
0.497876	0.00001	0.502114
0.319186	0.017158	0.663657
0.386834	0.00001	0.613156
0.347084	0.021827	0.631089
0.48767	0.016165	0.496165
0.372241	0.0278	0.599958
0.285917	0.093368	0.620715
0.333331	0.00001	0.666659
0.304313	0.063553	0.632134
0.430291	0.00001	0.569699
0.326545	0.00001	0.673445
0.282978	0.00001	0.717012
0.340879	0.115878	0.543243
0.243578	0.053012	0.703411
0.373473	0.001522	0.625006
0.320603	0.13806	0.541337
0.302709	0.00001	0.697281
0.329202	0.00001	0.670788
0.314994	0.00001	0.684996
0.287227	0.00001	0.712763
0.144863	0.114873	0.740264
0.289512	0.172224	0.538264
0.24134	0.00001	0.75865
0.293205	0.095021	0.611774
0.40207	0.00001	0.59792
0.350844	0.025283	0.623874
0.33702	0.007834	0.655146
0.297744	0.00001	0.702246
0.449506	0.003289	0.547204
0.477231	0.00341	0.519359
0.437602	0.00001	0.562388
0.307523	0.004197	0.68828
0.427984	0.00001	0.572006
0.394124	0.00001	0.605866
0.502265	0.00001	0.497725
0.438781	0.076204	0.485014
0.483633	0.043503	0.472863
0.415647	0.00001	0.584343
0.425791	0.00001	0.574199
0.372677	0.00001	0.627313
0.62958	0.00001	0.37041
0.430592	0.00001	0.569398
0.479545	0.042546	0.477909
0.349369	0.034784	0.615847
0.448937	0.01419	0.536873
0.405481	0.00001	0.594509
0.423478	0.006631	0.569892
0.358193	0.021239	0.620568
0.40136	0.00001	0.59863
0.446732	0.00001	0.553258
0.335566	0.208062	0.456372
0.475887	0.00001	0.524103
0.34541	0.00001	0.65458
0.377748	0.00001	0.622242
0.473689	0.00001	0.526301
0.445061	0.00001	0.554929
0.415428	0.239583	0.344989
0.452331	0.00001	0.547659
0.436981	0.00001	0.563009
0.282031	0.182294	0.535676
0.561163	0.009646	0.42919
0.356453	0.00001	0.643537
0.410966	0.00001	0.589024
0.352346	0.00001	0.647644
0.321127	0.021471	0.657402
0.461599	0.00001	0.538391
0.359626	0.00001	0.640364
0.356573	0.028958	0.614469
0.333381	0.00001	0.666609
0.406588	0.006177	0.587236
0.375927	0.070408	0.553665
0.329537	0.196318	0.474144
0.360639	0.088146	0.551215
0.406911	0.00001	0.593079
0.014633	0.145213	0.840154
0.423385	0.00001	0.576605
0.429999	0.00001	0.569991
0.595071	0.00001	0.404919
0.315871	0.00001	0.684119
0.494619	0.039751	0.46563
0.428623	0.00001	0.571367
0.320411	0.00001	0.679579
0.417052	0.00001	0.582938
0.475405	0.020129	0.504466
0.366671	0.148271	0.485058
0.350326	0.00001	0.649664
0.393765	0.038871	0.567363
0.381745	0.00001	0.618245
0.554856	0.00001	0.445134
0.485137	0.00001	0.514853
0.287299	0.145962	0.566738
0.357304	0.083874	0.558822
0.25857	0.115197	0.626233
0.407966	0.00001	0.592024
0.478002	0.098632	0.423366
0.470435	0.105481	0.424083
0.393088	0.080513	0.526399
0.401938	0.00001	0.598052
0.518628	0.010874	0.470498
0.430753	0.082132	0.487115
0.234755	0.027365	0.73788
0.501801	0.094412	0.403787
0.40099	0.00001	0.599
0.330851	0.16998	0.499169
0.52635	0.00001	0.47364
0.476456	0.00001	0.523534
0.408913	0.00001	0.591077
0.388876	0.00001	0.611114
0.372379	0.00001	0.627611
0.423566	0.097551	0.478882
0.414491	0.00001	0.585499
0.493399	0.000636	0.505965
0.327472	0.109862	0.562666
0.384212	0.00001	0.615778
0.447974	0.00001	0.552016
0.394967	0.007676	0.597357
0.375408	0.00001	0.624582
0.360041	0.00001	0.639949
0.590088	0.00001	0.409902
0.457082	0.06178	0.481138
0.354635	0.024247	0.621117
0.464166	0.00001	0.535824
0.067392	0.169875	0.762733
0.458065	0.00001	0.541925
0.379619	0.00001	0.620371
0.427277	0.003124	0.5696
0.437289	0.00001	0.562701
0.029565	0.275369	0.695065
0.390909	0.025576	0.583515
0.422096	0.00001	0.577894
0.440275	0.00001	0.559715
0.37751	0.022502	0.599988
0.448253	0.00001	0.551737
0.322304	0.156287	0.521409
0.338102	0.00001	0.661888
0.370974	0.00001	0.629016
0.278474	0.092854	0.628672
0.386497	0.005102	0.608401
0.4799	0.00001	0.52009
0.49664	0.00001	0.50335
0.28662	0.00001	0.71337
0.32527	0.00001	0.67472
0.382896	0.093772	0.523332
0.365851	0.00001	0.634139
0.407281	0.00001	0.592709
0.330309	0.199956	0.469735
0.262215	0.00001	0.737775
0.391568	0.00001	0.608422
0.377579	0.117381	0.50504
0.465362	0.00001	0.534628
0.414372	0.00001	0.585618
0.434265	0.067178	0.498556
0.376455	0.00001	0.623535
0.370593	0.017986	0.611421
0.403022	0.00001	0.596968
0.379985	0.00001	0.620005
0.256168	0.194784	0.549048
0.4538	0.00001	0.54619
0.361236	0.035407	0.603358
0.45884	0.02852	0.512639
0.432439	0.082737	0.484824
0.42091	0.087928	0.491162
0.416318	0.102814	0.480869
0.487395	0.00001	0.512595
0.40352	0.095772	0.500708
0.459415	0.00001	0.540575
0.392067	0.193117	0.414816
0.400647	0.008387	0.590966
0.507677	0.00001	0.492313
0.419781	0.00001	0.580209
0.412654	0.00001	0.587336
0.366761	0.085817	0.547421
0.343421	0.00001	0.656569
0.033501	0.120505	0.845994
0.370037	0.107857	0.522106
0.380632	0.139609	0.479759
0.410103	0.00001	0.589887
0.426037	0.073064	0.500899
0.403029	0.00001	0.596961
0.4087	0.00001	0.59129
0.376822	0.125397	0.497781
0.420998	0.00001	0.578992
0.444565	0.00001	0.555425
0.493165	0.00001	0.506825
0.408054	0.00001	0.591936
0.45844	0.00001	0.54155
0.379199	0.00001	0.620791
0.457947	0.00001	0.542043
0.383515	0.00001	0.616475
0.250603	0.00001	0.749387
0.387222	0.091843	0.520935
0.450476	0.00001	0.549514
0.450542	0.00001	0.549448
0.378103	0.039731	0.582166
0.443445	0.00001	0.556545
0.396465	0.00001	0.603525
0.408568	0.00402	0.587412
0.374411	0.134432	0.491158
0.412269	0.00001	0.587721
0.432058	0.00001	0.567932
0.413784	0.045177	0.54104
0.386961	0.158191	0.454847
0.39818	0.058357	0.543464
0.44543	0.00001	0.55456
0.408786	0.00001	0.591204
0.47274	0.00001	0.52725
0.409201	0.009673	0.581126
0.425982	0.00001	0.574008
0.416722	0.00001	0.583268
0.420513	0.00001	0.579477
0.448777	0.00001	0.551213
0.500363	0.00001	0.499627
0.39541	0.139085	0.465505
0.459167	0.088509	0.452324
0.469339	0.00001	0.530651
0.465903	0.00001	0.534087
0.438356	0.031938	0.529707
0.444408	0.00001	0.555582
0.470774	0.00001	0.529216
0.404985	0.163341	0.431675
0.373793	0.109948	0.516259
0.461492	0.014885	0.523623
0.408238	0.029043	0.562719
0.363479	0.207649	0.428872
0.484353	0.00001	0.515637
0.42587	0.00001	0.57412
0.278514	0.179957	0.541529
0.423134	0.001221	0.575645
0.420897	0.046573	0.53253
0.410392	0.182779	0.406829
0.409422	0.00001	0.590568
0.493544	0.002209	0.504248
0.345042	0.017255	0.637703
0.419524	0.004816	0.57566
0.398097	0.021688	0.580215
0.42501	0.00001	0.57498
0.465727	0.00001	0.534263
0.40113	0.00001	0.59886
0.424319	0.00001	0.575671
0.445647	0.00001	0.554343
0.427876	0.00001	0.572114
0.450695	0.015763	0.533542
0.42386	0.00001	0.57613
0.415326	0.027774	0.5569
0.448402	0.00162	0.549978
0.456337	0.00001	0.543653
0.473562	0.00001	0.526428
0.423896	0.00001	0.576094
0.456817	0.00001	0.543173
0.355813	0.021085	0.623102
0.345162	0.00001	0.654828
0.448063	0.00001	0.551927
0.090218	0.131287	0.778495
0.45936	0.00001	0.54063
0.414025	0.00001	0.585965
0.451007	0.00001	0.548983
0.424037	0.00001	0.575953
0.400602	0.00001	0.599388
0.423674	0.00001	0.576316
0.417428	0.00001	0.582562
0.467102	0.00001	0.532888
0.40843	0.00001	0.59156
0.47309	0.00001	0.5269
0.398884	0.015049	0.586067
0.442465	0.007775	0.549759
0.391807	0.00001	0.608183
0.411568	0.00001	0.588422
0.487032	0.00001	0.512958
0.428241	0.050718	0.521041
0.392479	0.111967	0.495554
0.476065	0.00001	0.523925
0.445742	0.026942	0.527316
0.398823	0.00001	0.601167
0.404328	0.00001	0.595662
0.363622	0.031628	0.60475
0.389527	0.00001	0.610463
0.449759	0.01864	0.531601
0.417496	0.00001	0.582494
0.265609	0.030385	0.704006
0.359356	0.00001	0.640634
0.427654	0.00001	0.572336
0.404544	0.00001	0.595446
0.393477	0.00001	0.606513
0.411961	0.00001	0.588029
0.436642	0.00001	0.563348
0.304976	0.00001	0.695014
0.43134	0.050842	0.517818
0.418432	0.00001	0.581558
0.325465	0.226521	0.448013
0.434164	0.00001	0.565826
0.35694	0.000498	0.642563
0.227401	0.014336	0.758263
0.419255	0.00001	0.580735
0.298028	0.013131	0.688841
0.318918	0.119903	0.561179
0.274756	0.129818	0.595426
0.392064	0.006839	0.601097
0.402399	0.00001	0.597591
0.287451	0.00001	0.712539
0.3902	0.031165	0.578635
0.227519	0.152314	0.620167
0.480371	0.00001	0.519619
0.304346	0.015116	0.680538
0.314653	0.093322	0.592025
0.450497	0.00001	0.549493
0.475194	0.08662	0.438186
0.492222	0.00001	0.507768
0.394396	0.077448	0.528157
0.350878	0.035671	0.613451
0.53298	0.00001	0.46701
0.330068	0.00001	0.669922
0.408889	0.00001	0.591101
0.450928	0.00001	0.549062
0.380595	0.159774	0.459631
0.422244	0.022982	0.554774
0.249937	0.00001	0.750053
0.232326	0.071826	0.695848
0.446803	0.00001	0.553187
0.483372	0.00001	0.516618
0.42943	0.009308	0.561262
0.525257	0.00001	0.474733
0.495358	0.00001	0.504632
0.460732	0.00001	0.539258
0.286021	0.062267	0.651712
0.271941	0.00001	0.728049
0.471384	0.00001	0.528606
0.402667	0.00001	0.597323
0.488834	0.00001	0.511156
0.30559	0.00001	0.6944
0.422239	0.105995	0.471766
0.377009	0.042628	0.580364
0.506381	0.00001	0.493609
0.452173	0.00001	0.547817
0.457362	0.00001	0.542628
0.443999	0.00001	0.555991
0.290116	0.00001	0.709874
0.283728	0.000854	0.715417
0.389786	0.144983	0.46523
0.522803	0.00001	0.477187
0.460782	0.00001	0.539208
0.372942	0.096231	0.530827
0.482153	0.00001	0.517837
0.397258	0.00001	0.602732
0.42696	0.00001	0.57303
0.396639	0.00001	0.603351
0.325043	0.00001	0.674947
0.467174	0.00001	0.532816
0.47289	0.00001	0.5271
0.452862	0.00001	0.547128
0.472011	0.050325	0.477665
0.386034	0.00001	0.613956
0.436812	0.040333	0.522855
0.50687	0.00001	0.49312
0.33647	0.020865	0.642665
0.36932	0.169163	0.461517
0.478462	0.00001	0.521528
0.371248	0.00001	0.628742
0.491201	0.00001	0.508789
0.28248	0.00001	0.71751
0.277986	0.190876	0.531137
0.308286	0.059708	0.632006
0.282307	0.146358	0.571335
0.348271	0.198257	0.453471
0.383057	0.032124	0.58482
0.338661	0.074523	0.586816
0.328801	0.149489	0.52171
0.466929	0.00001	0.533061
0.468635	0.00001	0.531355
0.382128	0.00001	0.617862
0.414494	0.00001	0.585496
0.224394	0.134428	0.641178
0.385677	0.00001	0.614313
0.473364	0.00001	0.526626
0.473468	0.00001	0.526522
0.214818	0.155005	0.630177
0.367128	0.050641	0.582231
0.476197	0.001148	0.522655
0.387194	0.00001	0.612796
0.399166	0.00001	0.600824
0.49057	0.00001	0.50942
0.316935	0.00001	0.683055
0.349754	0.00001	0.650236
0.47479	0.029819	0.495391
0.435351	0.0033	0.561349
0.450153	0.00677	0.543078
0.281552	0.00001	0.718438
0.415123	0.162575	0.422303
0.235984	0.00001	0.764006
0.396873	0.005223	0.597904
0.466056	0.000088	0.533855
0.236063	0.175958	0.587979
0.339878	0.011357	0.648764
0.422882	0.00001	0.577108
0.516023	0.01405	0.469926
0.422498	0.006364	0.571138
0.288322	0.013482	0.698196
0.23232	0.00001	0.76767
0.06731	0.083723	0.848967
0.445392	0.016466	0.538142
0.286491	0.00001	0.713499
0.2835	0.004319	0.712182
0.229123	0.109869	0.661008
0.374542	0.00001	0.625448
0.339765	0.0114	0.648835
0.307199	0.00001	0.692791
0.296705	0.103206	0.600089
0.038005	0.15178	0.810215
0.055426	0.150878	0.793696
0.193436	0.035347	0.771217
0.283556	0.011632	0.704812
0.326832	0.102338	0.570831
0.303865	0.00001	0.696125
0.267329	0.188695	0.543976
0.319057	0.00001	0.680933
0.280394	0.120662	0.598944
0.304938	0.010122	0.684941
0.295268	0.00001	0.704722
0.091879	0.115787	0.792334
0.315379	0.005423	0.679197
0.329372	0.00001	0.670618
0.335371	0.00001	0.664619
0.282318	0.024433	0.693249
0.293509	0.030851	0.67564
0.266357	0.077827	0.655816
0.302222	0.054463	0.643314
0.286669	0.00001	0.713321
0.257394	0.090899	0.651707
0.286684	0.00001	0.713306
0.265199	0.00001	0.734791
0.350921	0.00001	0.649069
0.40529	0.00001	0.5947
0.261983	0.004081	0.733936
0.28814	0.154657	0.557203
0.300399	0.00001	0.699591
0.232256	0.00001	0.767734
0.30967	0.00001	0.69032
0.312231	0.045907	0.641862
0.241169	0.147859	0.610972
0.332678	0.008399	0.658923
0.118437	0.00001	0.881553
0.105318	0.047906	0.846776
0.321684	0.102027	0.576289
0.304061	0.105413	0.590525
0.266509	0.00001	0.733481
0.130805	0.204522	0.664673
0.221653	0.02064	0.757708
0.24802	0.015567	0.736413
0.403413	0.00001	0.596577
0.233207	0.041512	0.725281
0.25547	0.113931	0.630599
0.030937	0.103755	0.865308
0.244534	0.00001	0.755456
0.296634	0.00001	0.703356
0.291559	0.019117	0.689324
0.28302	0.016679	0.700301
0.308974	0.00001	0.691016
0.345149	0.065074	0.589777
0.264456	0.044881	0.690663
0.265207	0.007057	0.727737
0.295226	0.005531	0.699243
0.336611	0.078125	0.585265
0.26402	0.012581	0.723399
0.568462	0.00001	0.431528
0.289593	0.185161	0.525246
0.305806	0.00001	0.694184
0.338903	0.056925	0.604173
0.278358	0.044663	0.676979
0.247992	0.023489	0.728518
0.241487	0.00001	0.758503
0.259571	0.029279	0.711149
0.245333	0.018225	0.736442
0.264725	0.00001	0.735265
0.287626	0.00369	0.708684
0.307159	0.002487	0.690353
0.321372	0.00001	0.678618
0.235898	0.236287	0.527815
0.281521	0.00001	0.718469
0.24422	0.00001	0.75577
0.192686	0.061082	0.746232
0.358464	0.00001	0.641526
0.316137	0.107692	0.576172
0.319742	0.00001	0.680248
0.291247	0.00001	0.708743
0.304993	0.161101	0.533906
0.232651	0.165917	0.601432
0.672877	0.00001	0.327113
0.231703	0.00001	0.768287
0.297235	0.00001	0.702755
0.360114	0.00001	0.639876
0.331573	0.046604	0.621823
0.29073	0.00001	0.70926
0.277136	0.076905	0.64596
0.360007	0.00336	0.636633
0.304457	0.054703	0.64084
0.224363	0.00001	0.775627
0.323982	0.012367	0.663651
0.297621	0.054627	0.647751
0.253287	0.00001	0.746703
0.33041	0.046631	0.622959
0.332748	0.010328	0.656924
0.356541	0.015518	0.62794
0.362592	0.023615	0.613792
0.390699	0.00001	0.609291
0.275367	0.00001	0.724623
0.340291	0.00001	0.659699
0.239372	0.00336	0.757267
0.259462	0.008692	0.731846
0.348188	0.00001	0.651802
0.341091	0.00001	0.658899
0.271623	0.00001	0.728367
0.345859	0.00001	0.654131
0.342387	0.00001	0.657603
0.348689	0.00001	0.651301
0.351573	0.00001	0.648417
0.375912	0.019106	0.604982
0.313355	0.00001	0.686635
0.228766	0.025875	0.745359
0.209766	0.133276	0.656958
0.279795	0.184032	0.536173
0.290716	0.00001	0.709274
0.250805	0.077933	0.671262
0.340245	0.00001	0.659745
0.361654	0.00001	0.638336
0.31036	0.00001	0.68963
0.280603	0.00001	0.719387
0.276774	0.005574	0.717652
0.317283	0.196992	0.485725
0.302451	0.012836	0.684713
0.257166	0.009467	0.733367
0.281357	0.001393	0.71725
0.235307	0.014699	0.749995
0.320602	0.00001	0.679388
0.302339	0.011361	0.686299
0.281064	0.00001	0.718926
0.190463	0.212665	0.596872
0.198444	0.184581	0.616975
0.383958	0.00001	0.616032
0.262812	0.053408	0.683779
0.284846	0.113236	0.601918
0.214084	0.074334	0.711582
0.231813	0.009354	0.758833
0.410272	0.001	0.588727
0.33588	0.00001	0.66411
0.245548	0.092603	0.661848
0.345274	0.00001	0.654716
0.275212	0.0078	0.716988
0.24097	0.02689	0.73214
0.235162	0.012662	0.752176
0.30389	0.00001	0.6961
0.37649	0.00001	0.6235
0.363597	0.00001	0.636393
0.272918	0.043797	0.683286
0.377697	0.019543	0.60276
0.283519	0.000528	0.715952
0.334639	0.006617	0.658744
0.340229	0.00001	0.659761
0.351932	0.014809	0.633259
0.294336	0.00001	0.705654
0.293514	0.101036	0.60545
0.265616	0.00001	0.734374
0.30201	0.00001	0.69798
0.342573	0.014019	0.643408
0.083472	0.144689	0.77184
0.209211	0.070879	0.71991
0.34182	0.00001	0.65817
0.215577	0.13979	0.644634
0.189765	0.170308	0.639927
0.328563	0.092853	0.578584
0.279407	0.00001	0.720583
0.176885	0.200481	0.622634
0.575918	0.00001	0.424072
0.277879	0.011555	0.710566
0.29302	0.00001	0.70697
0.295095	0.035044	0.669861
0.161482	0.160399	0.678119
0.360108	0.00001	0.639882
0.261365	0.020567	0.718068
0.207385	0.118895	0.67372
0.300975	0.18115	0.517876
0.306654	0.00001	0.693336
0.248106	0.138107	0.613787
0.306764	0.00001	0.693226
0.255765	0.072123	0.672112
0.233546	0.061111	0.705343
0.250401	0.016358	0.733241
0.287489	0.107955	0.604556
0.268569	0.031254	0.700176
0.350849	0.178374	0.470777
0.287924	0.00001	0.712066
0.304412	0.00001	0.695578
0.493932	0.18817	0.317898
0.210123	0.021895	0.767983
0.383399	0.00001	0.616591
0.251275	0.12556	0.623165
0.278994	0.157822	0.563184
0.359473	0.045207	0.59532
0.285815	0.026275	0.68791
0.299545	0.01094	0.689516
0.404849	0.00001	0.595141
0.278849	0.111658	0.609493
0.381202	0.00001	0.618788
0.230987	0.112315	0.656698
0.25082	0.217279	0.531901
0.227647	0.00001	0.772343
0.272745	0.089926	0.637329
0.376261	0.00001	0.623729
0.32369	0.00001	0.6763
0.215377	0.097646	0.686978
0.22706	0.111335	0.661605
0.290196	0.003219	0.706585
0.228302	0.037004	0.734695
0.29582	0.128369	0.57581
0.267618	0.054643	0.677739
0.255865	0.074402	0.669734
0.392533	0.00001	0.607457
0.464466	0.006613	0.528921
0.437181	0.00001	0.562809
0.344809	0.034257	0.620934
0.348198	0.069901	0.5819
0.325805	0.059547	0.614648
0.432847	0.004219	0.562934
0.361181	0.175782	0.463038
0.255783	0.121958	0.622259
0.235177	0.055805	0.709018
0.371324	0.00001	0.628666
0.276427	0.020118	0.703455
0.374729	0.00001	0.625261
0.310358	0.025001	0.664641
0.328869	0.033434	0.637697
0.364572	0.00001	0.635418
0.293834	0.11686	0.589305
0.347543	0.065435	0.587021
0.384718	0.106758	0.508524
0.310468	0.043439	0.646093
0.304792	0.064268	0.63094
0.210363	0.129246	0.660391
0.359846	0.043943	0.59621
0.337392	0.092697	0.569911
0.258213	0.16886	0.572928
0.315615	0.016393	0.667992
0.314926	0.00001	0.685064
0.327256	0.028745	0.643999
0.450575	0.00001	0.549415
0.279279	0.028931	0.69179
0.487758	0.00001	0.512232
0.213437	0.0244	0.762163
0.312651	0.049196	0.638153
0.456805	0.00001	0.543185
0.292487	0.003229	0.704284
0.495892	0.00001	0.504098
0.188395	0.128641	0.682964
0.353022	0.108697	0.538281
0.395694	0.04776	0.556546
0.438157	0.00001	0.561833
0.255253	0.107356	0.637391
0.401674	0.00001	0.598316
0.541081	0.064042	0.394877
0.337325	0.024033	0.638641
0.239026	0.166837	0.594137
0.285548	0.12579	0.588661
0.262465	0.053956	0.683579
